# n=20000 m=500 K=8 alpha=1.50 beta=5.00 rho=0.10 two=1 alpha2=1.00 hilos=12 semilla=2
# preparacion (puntos+rejilla+KNN): 0.081 s | L_nn=125.9370
# iter  mejor_iter  mejor_global  media_hormigas  t_iter(s)  t_total(s)
    1    132.9257      132.9257        134.6639      0.200       0.200
    2    126.8528      126.8528        128.9919      0.195       0.395
    3    124.8652      124.8652        126.9716      0.196       0.591
    4    124.2067      124.2067        126.0431      0.199       0.790
    5    123.5395      123.5395        125.4930      0.192       0.982
    6    123.4833      123.4833        125.1975      0.194       1.176
    7    123.2660      123.2660        124.9515      0.195       1.371
    8    122.7186      122.7186        124.8250      0.197       1.568
    9    122.7080      122.7080        124.6817      0.189       1.757
   10    123.0947      122.7080        124.6538      0.199       1.956
   11    122.7140      122.7080        124.5760      0.190       2.147
   12    123.1557      122.7080        124.5165      0.193       2.340
   13    122.7658      122.7080        124.5351      0.191       2.531
   14    122.7272      122.7080        124.3791      0.194       2.725
   15    122.8142      122.7080        124.4709      0.191       2.916
   16    122.6882      122.6882        124.4603      0.197       3.114
   17    122.3169      122.3169        124.3831      0.194       3.307
   18    122.6909      122.3169        124.3627      0.192       3.500
   19    122.6647      122.3169        124.3151      0.198       3.697
   20    122.3851      122.3169        124.2546      0.190       3.887
   21    122.4756      122.3169        124.2538      0.192       4.079
   22    122.4745      122.3169        124.2569      0.197       4.276
   23    122.3938      122.3169        124.2255      0.196       4.471
   24    122.5631      122.3169        124.1724      0.191       4.663
   25    122.5210      122.3169        124.1883      0.189       4.852
   26    122.6138      122.3169        124.1150      0.194       5.046
   27    122.1042      122.1042        124.1836      0.192       5.238
   28    122.3739      122.1042        124.1961      0.195       5.434
   29    122.2638      122.1042        124.1603      0.195       5.629
   30    122.3971      122.1042        124.1484      0.199       5.828
   31    122.4584      122.1042        124.1301      0.196       6.024
   32    122.5315      122.1042        124.1207      0.195       6.220
   33    122.2788      122.1042        124.1546      0.206       6.425
   34    122.4735      122.1042        124.1455      0.195       6.620
   35    122.3855      122.1042        124.1410      0.193       6.813
   36    121.9868      121.9868        124.1560      0.191       7.004
   37    121.7219      121.7219        124.0937      0.187       7.191
   38    122.3407      121.7219        124.0773      0.192       7.383
   39    122.2819      121.7219        124.0402      0.196       7.579
   40    122.1975      121.7219        124.0746      0.193       7.772
   41    122.6240      121.7219        124.0641      0.191       7.963
   42    122.1327      121.7219        124.1055      0.191       8.153
   43    122.2913      121.7219        124.0911      0.188       8.342
   44    122.4113      121.7219        124.0733      0.192       8.534
   45    122.2098      121.7219        124.0824      0.198       8.732
   46    122.4126      121.7219        124.0422      0.193       8.925
   47    122.4051      121.7219        124.0611      0.192       9.117
   48    122.4404      121.7219        124.0719      0.195       9.312
   49    122.2579      121.7219        124.0530      0.197       9.508
   50    122.5532      121.7219        124.0343      0.198       9.706
   51    122.1777      121.7219        124.0125      0.194       9.899
   52    122.0734      121.7219        124.0285      0.195      10.094
   53    122.4464      121.7219        124.0497      0.195      10.290
   54    122.4715      121.7219        123.9978      0.193      10.483
   55    122.2051      121.7219        124.0077      0.192      10.675
   56    122.3349      121.7219        123.9746      0.196      10.871
   57    121.8897      121.7219        123.9319      0.206      11.077
   58    122.5009      121.7219        124.0180      0.212      11.289
   59    122.4743      121.7219        123.9404      0.211      11.500
   60    122.4967      121.7219        123.9386      0.208      11.708
   61    122.2536      121.7219        123.9281      0.194      11.902
   62    122.2550      121.7219        123.8986      0.189      12.091
   63    122.0494      121.7219        123.8579      0.189      12.280
   64    122.1789      121.7219        123.8686      0.211      12.491
   65    122.5357      121.7219        123.8603      0.197      12.688
   66    122.1181      121.7219        123.8265      0.204      12.893
   67    122.0914      121.7219        123.8321      0.209      13.102
   68    121.9900      121.7219        123.8135      0.206      13.308
   69    122.1759      121.7219        123.8349      0.208      13.516
   70    122.3837      121.7219        123.7732      0.207      13.724
   71    121.7733      121.7219        123.8413      0.208      13.931
   72    122.2414      121.7219        123.8271      0.195      14.126
   73    121.9478      121.7219        123.8101      0.194      14.320
   74    121.7500      121.7219        123.8242      0.189      14.509
   75    121.6295      121.6295        123.7803      0.192      14.702
   76    121.5023      121.5023        123.7743      0.194      14.896
   77    121.6043      121.5023        123.7618      0.193      15.089
   78    121.5344      121.5023        123.7564      0.189      15.279
   79    121.5741      121.5023        123.7692      0.192      15.471
   80    121.9261      121.5023        123.7664      0.190      15.661
   81    121.7422      121.5023        123.7781      0.187      15.848
   82    121.8102      121.5023        123.8210      0.195      16.043
   83    121.6858      121.5023        123.7730      0.193      16.236
   84    121.5980      121.5023        123.8388      0.193      16.429
   85    121.6098      121.5023        123.8310      0.191      16.620
   86    121.6266      121.5023        123.8256      0.192      16.812
   87    121.6521      121.5023        123.8726      0.189      17.001
   88    121.8097      121.5023        123.8419      0.194      17.194
   89    121.5484      121.5023        123.8343      0.193      17.388
   90    121.6754      121.5023        123.8155      0.191      17.579
   91    121.6497      121.5023        123.9080      0.195      17.773
   92    121.7700      121.5023        123.9246      0.194      17.967
   93    121.6292      121.5023        123.9060      0.192      18.160
   94    121.8964      121.5023        123.9659      0.194      18.354
   95    121.6375      121.5023        123.9266      0.195      18.549
   96    121.8917      121.5023        123.9279      0.192      18.740
   97    121.5744      121.5023        123.8868      0.192      18.933
   98    121.6669      121.5023        123.8886      0.192      19.125
   99    121.6863      121.5023        123.9163      0.190      19.315
  100    121.9118      121.5023        123.9679      0.193      19.509
# ---- resumen ----
n=20000 m=500 iters=100 tour_valido=SI L_mejor=121.50231 (verificado 121.50231) L_nn=125.93695 mejora_vs_nn=3.52%
unidades_originales: factor_escala=0.999961 L_mejor=121.49756 L_nn=125.93203
tiempo: preparacion=0.081 s  ACO=19.509 s  total=19.597 s  (0.1951 s/iter)
memoria: pico RSS=14.3 MB (tras KNN 6.3 MB) | matrices densas D+T serian 3.200 GB
CSV,20000,500,8,1,100,121.502308,125.936952,0.081,19.509,14.3
