# n=20 m=50 K=19 alpha=1.50 beta=5.00 rho=0.10 two=1 alpha2=1.00 hilos=12 semilla=1
# preparacion (puntos+rejilla+KNN): 0.002 s | L_nn=5.4830
# iter  mejor_iter  mejor_global  media_hormigas  t_iter(s)  t_total(s)
    1      4.9680        4.9680          5.7207      0.001       0.001
    2      4.8240        4.8240          5.4656      0.000       0.001
    3      4.8465        4.8240          5.2694      0.000       0.002
    4      4.8240        4.8240          5.2109      0.001       0.002
    5      4.8102        4.8102          5.1431      0.000       0.003
    6      4.8102        4.8102          5.1963      0.000       0.003
    7      4.8465        4.8102          5.1254      0.000       0.003
    8      4.8465        4.8102          5.0980      0.000       0.004
    9      4.8465        4.8102          5.0952      0.000       0.004
   10      4.7818        4.7818          5.0418      0.000       0.005
   11      4.8102        4.7818          5.0374      0.000       0.005
   12      4.8465        4.7818          5.0735      0.001       0.006
   13      4.7818        4.7818          4.9646      0.000       0.006
   14      4.7818        4.7818          5.0197      0.000       0.007
   15      4.7818        4.7818          5.0038      0.000       0.007
   16      4.7818        4.7818          4.9856      0.000       0.008
   17      4.7818        4.7818          4.9640      0.000       0.008
   18      4.7818        4.7818          4.9307      0.000       0.009
   19      4.7818        4.7818          4.9636      0.000       0.009
   20      4.7818        4.7818          4.9717      0.000       0.010
   21      4.7818        4.7818          4.9027      0.001       0.010
   22      4.7818        4.7818          4.8993      0.000       0.011
   23      4.7818        4.7818          4.9198      0.000       0.011
   24      4.7818        4.7818          4.8621      0.000       0.012
   25      4.7818        4.7818          4.8225      0.000       0.012
   26      4.7818        4.7818          4.8869      0.000       0.013
   27      4.7818        4.7818          4.8507      0.000       0.013
   28      4.7818        4.7818          4.8481      0.000       0.014
   29      4.7818        4.7818          4.8378      0.000       0.014
   30      4.7818        4.7818          4.8539      0.001       0.015
   31      4.7818        4.7818          4.8155      0.001       0.015
   32      4.7818        4.7818          4.8163      0.001       0.016
   33      4.7818        4.7818          4.7973      0.000       0.016
   34      4.7818        4.7818          4.8285      0.001       0.017
   35      4.7818        4.7818          4.8184      0.000       0.018
   36      4.7818        4.7818          4.8606      0.000       0.018
   37      4.7818        4.7818          4.8349      0.001       0.019
   38      4.7818        4.7818          4.8161      0.001       0.019
   39      4.7818        4.7818          4.8117      0.001       0.020
   40      4.7818        4.7818          4.7906      0.001       0.020
   41      4.7818        4.7818          4.7961      0.000       0.021
   42      4.7818        4.7818          4.8145      0.001       0.021
   43      4.7818        4.7818          4.7915      0.000       0.022
   44      4.7818        4.7818          4.7849      0.000       0.022
   45      4.7818        4.7818          4.7902      0.001       0.023
   46      4.7818        4.7818          4.7915      0.000       0.023
   47      4.7818        4.7818          4.7981      0.000       0.024
   48      4.7818        4.7818          4.7977      0.000       0.024
   49      4.7818        4.7818          4.7958      0.001       0.025
   50      4.7818        4.7818          4.7887      0.001       0.025
   51      4.7818        4.7818          4.7940      0.000       0.026
   52      4.7818        4.7818          4.7930      0.000       0.026
   53      4.7818        4.7818          4.7900      0.000       0.027
   54      4.7818        4.7818          4.7984      0.000       0.027
   55      4.7818        4.7818          4.7874      0.000       0.028
   56      4.7818        4.7818          4.7852      0.001       0.028
   57      4.7818        4.7818          4.7915      0.001       0.029
   58      4.7818        4.7818          4.7846      0.001       0.030
   59      4.7818        4.7818          4.7818      0.001       0.030
   60      4.7818        4.7818          4.7902      0.001       0.031
   61      4.7818        4.7818          4.7859      0.000       0.031
   62      4.7818        4.7818          4.7859      0.001       0.032
   63      4.7818        4.7818          4.7859      0.000       0.032
   64      4.7818        4.7818          4.7859      0.001       0.033
   65      4.7818        4.7818          4.7900      0.001       0.033
   66      4.7818        4.7818          4.7818      0.000       0.034
   67      4.7818        4.7818          4.7859      0.001       0.034
   68      4.7818        4.7818          4.7859      0.001       0.035
   69      4.7818        4.7818          4.7818      0.001       0.036
   70      4.7818        4.7818          4.7818      0.001       0.036
   71      4.7818        4.7818          4.7846      0.001       0.037
   72      4.7818        4.7818          4.7818      0.001       0.037
   73      4.7818        4.7818          4.7818      0.001       0.038
   74      4.7818        4.7818          4.7818      0.001       0.038
   75      4.7818        4.7818          4.7818      0.001       0.039
   76      4.7818        4.7818          4.7818      0.001       0.039
   77      4.7818        4.7818          4.7818      0.001       0.040
   78      4.7818        4.7818          4.7818      0.001       0.040
   79      4.7818        4.7818          4.7846      0.001       0.041
   80      4.7818        4.7818          4.7818      0.001       0.042
   81      4.7818        4.7818          4.7818      0.001       0.042
   82      4.7818        4.7818          4.7818      0.001       0.043
   83      4.7818        4.7818          4.7818      0.001       0.043
   84      4.7818        4.7818          4.7818      0.001       0.044
   85      4.7818        4.7818          4.7818      0.001       0.044
   86      4.7818        4.7818          4.7818      0.001       0.045
   87      4.7818        4.7818          4.7818      0.001       0.046
   88      4.7818        4.7818          4.7818      0.001       0.046
   89      4.7818        4.7818          4.7818      0.001       0.047
   90      4.7818        4.7818          4.7818      0.001       0.047
   91      4.7818        4.7818          4.7818      0.001       0.048
   92      4.7818        4.7818          4.7818      0.001       0.048
   93      4.7818        4.7818          4.7818      0.001       0.049
   94      4.7818        4.7818          4.7818      0.001       0.050
   95      4.7818        4.7818          4.7818      0.001       0.050
   96      4.7818        4.7818          4.7818      0.001       0.051
   97      4.7818        4.7818          4.7818      0.001       0.051
   98      4.7818        4.7818          4.7818      0.001       0.052
   99      4.7818        4.7818          4.7818      0.000       0.052
  100      4.7818        4.7818          4.7818      0.001       0.053
# ---- resumen ----
n=20 m=50 iters=100 tour_valido=SI L_mejor=4.78184 (verificado 4.78184) L_nn=5.48298 mejora_vs_nn=12.79%
unidades_originales: factor_escala=0.955223 L_mejor=4.56772 L_nn=5.23747
tiempo: preparacion=0.002 s  ACO=0.053 s  total=0.055 s  (0.0005 s/iter)
memoria: pico RSS=4.5 MB (tras KNN 4.5 MB) | matrices densas D+T serian 0.000 GB
CSV,20,50,19,1,100,4.781840,5.482976,0.002,0.053,4.5
