# n=20 m=500 K=19 alpha=1.50 beta=5.00 rho=0.10 two=1 alpha2=1.00 hilos=12 semilla=2
# preparacion (puntos+rejilla+KNN): 0.002 s | L_nn=4.3910
# iter  mejor_iter  mejor_global  media_hormigas  t_iter(s)  t_total(s)
    1      4.1198        4.1198          5.3607      0.001       0.001
    2      4.1198        4.1198          4.8340      0.001       0.002
    3      4.1198        4.1198          4.5860      0.001       0.002
    4      4.1198        4.1198          4.3737      0.001       0.003
    5      4.1198        4.1198          4.2702      0.001       0.004
    6      4.1198        4.1198          4.2400      0.001       0.004
    7      4.1198        4.1198          4.1846      0.001       0.005
    8      4.1198        4.1198          4.1565      0.001       0.006
    9      4.1198        4.1198          4.1480      0.001       0.007
   10      4.1198        4.1198          4.1290      0.001       0.007
   11      4.1198        4.1198          4.1270      0.001       0.008
   12      4.1198        4.1198          4.1235      0.001       0.009
   13      4.1198        4.1198          4.1201      0.001       0.009
   14      4.1198        4.1198          4.1231      0.001       0.010
   15      4.1198        4.1198          4.1200      0.001       0.011
   16      4.1198        4.1198          4.1210      0.001       0.012
   17      4.1198        4.1198          4.1198      0.001       0.012
   18      4.1198        4.1198          4.1199      0.001       0.013
   19      4.1198        4.1198          4.1222      0.001       0.014
   20      4.1198        4.1198          4.1198      0.001       0.015
   21      4.1198        4.1198          4.1198      0.001       0.016
   22      4.1198        4.1198          4.1198      0.001       0.016
   23      4.1198        4.1198          4.1198      0.001       0.017
   24      4.1198        4.1198          4.1199      0.001       0.018
   25      4.1198        4.1198          4.1198      0.001       0.019
   26      4.1198        4.1198          4.1198      0.001       0.019
   27      4.1198        4.1198          4.1198      0.001       0.020
   28      4.1198        4.1198          4.1198      0.001       0.021
   29      4.1198        4.1198          4.1198      0.001       0.022
   30      4.1198        4.1198          4.1198      0.001       0.023
   31      4.1198        4.1198          4.1198      0.001       0.023
   32      4.1198        4.1198          4.1198      0.001       0.024
   33      4.1198        4.1198          4.1198      0.001       0.025
   34      4.1198        4.1198          4.1198      0.001       0.026
   35      4.1198        4.1198          4.1198      0.001       0.027
   36      4.1198        4.1198          4.1198      0.001       0.028
   37      4.1198        4.1198          4.1198      0.001       0.028
   38      4.1198        4.1198          4.1198      0.001       0.029
   39      4.1198        4.1198          4.1198      0.001       0.030
   40      4.1198        4.1198          4.1198      0.001       0.031
   41      4.1198        4.1198          4.1198      0.001       0.032
   42      4.1198        4.1198          4.1198      0.001       0.032
   43      4.1198        4.1198          4.1198      0.001       0.033
   44      4.1198        4.1198          4.1198      0.001       0.034
   45      4.1198        4.1198          4.1198      0.001       0.035
   46      4.1198        4.1198          4.1198      0.001       0.036
   47      4.1198        4.1198          4.1198      0.001       0.036
   48      4.1198        4.1198          4.1198      0.001       0.037
   49      4.1198        4.1198          4.1198      0.001       0.038
   50      4.1198        4.1198          4.1198      0.001       0.039
   51      4.1198        4.1198          4.1198      0.001       0.039
   52      4.1198        4.1198          4.1198      0.001       0.040
   53      4.1198        4.1198          4.1198      0.001       0.041
   54      4.1198        4.1198          4.1198      0.001       0.042
   55      4.1198        4.1198          4.1198      0.001       0.043
   56      4.1198        4.1198          4.1198      0.001       0.043
   57      4.1198        4.1198          4.1198      0.001       0.044
   58      4.1198        4.1198          4.1198      0.001       0.045
   59      4.1198        4.1198          4.1198      0.001       0.046
   60      4.1198        4.1198          4.1198      0.001       0.047
   61      4.1198        4.1198          4.1198      0.001       0.048
   62      4.1198        4.1198          4.1198      0.001       0.049
   63      4.1198        4.1198          4.1198      0.001       0.049
   64      4.1198        4.1198          4.1198      0.001       0.050
   65      4.1198        4.1198          4.1198      0.001       0.051
   66      4.1198        4.1198          4.1198      0.001       0.052
   67      4.1198        4.1198          4.1198      0.001       0.053
   68      4.1198        4.1198          4.1198      0.001       0.053
   69      4.1198        4.1198          4.1198      0.001       0.054
   70      4.1198        4.1198          4.1198      0.001       0.055
   71      4.1198        4.1198          4.1198      0.001       0.056
   72      4.1198        4.1198          4.1198      0.001       0.057
   73      4.1198        4.1198          4.1198      0.001       0.057
   74      4.1198        4.1198          4.1198      0.001       0.058
   75      4.1198        4.1198          4.1198      0.001       0.059
   76      4.1198        4.1198          4.1198      0.001       0.060
   77      4.1198        4.1198          4.1198      0.001       0.061
   78      4.1198        4.1198          4.1198      0.001       0.061
   79      4.1198        4.1198          4.1198      0.001       0.062
   80      4.1198        4.1198          4.1198      0.001       0.063
   81      4.1198        4.1198          4.1198      0.001       0.064
   82      4.1198        4.1198          4.1198      0.001       0.065
   83      4.1198        4.1198          4.1198      0.001       0.066
   84      4.1198        4.1198          4.1198      0.001       0.066
   85      4.1198        4.1198          4.1198      0.001       0.067
   86      4.1198        4.1198          4.1198      0.001       0.068
   87      4.1198        4.1198          4.1198      0.001       0.069
   88      4.1198        4.1198          4.1198      0.001       0.070
   89      4.1198        4.1198          4.1198      0.001       0.070
   90      4.1198        4.1198          4.1198      0.001       0.071
   91      4.1198        4.1198          4.1198      0.001       0.072
   92      4.1198        4.1198          4.1198      0.001       0.073
   93      4.1198        4.1198          4.1198      0.001       0.073
   94      4.1198        4.1198          4.1198      0.001       0.074
   95      4.1198        4.1198          4.1198      0.001       0.075
   96      4.1198        4.1198          4.1198      0.001       0.076
   97      4.1198        4.1198          4.1198      0.001       0.077
   98      4.1198        4.1198          4.1198      0.001       0.077
   99      4.1198        4.1198          4.1198      0.001       0.078
  100      4.1198        4.1198          4.1198      0.001       0.079
# ---- resumen ----
n=20 m=500 iters=100 tour_valido=SI L_mejor=4.11984 (verificado 4.11984) L_nn=4.39097 mejora_vs_nn=6.17%
unidades_originales: factor_escala=0.933276 L_mejor=3.84495 L_nn=4.09799
tiempo: preparacion=0.002 s  ACO=0.079 s  total=0.081 s  (0.0008 s/iter)
memoria: pico RSS=4.5 MB (tras KNN 4.5 MB) | matrices densas D+T serian 0.000 GB
CSV,20,500,19,1,100,4.119845,4.390969,0.002,0.079,4.5
