# n=2000 m=50 K=8 alpha=1.50 beta=5.00 rho=0.10 two=1 alpha2=1.00 hilos=12 semilla=1
# preparacion (puntos+rejilla+KNN): 0.008 s | L_nn=39.2712
# iter  mejor_iter  mejor_global  media_hormigas  t_iter(s)  t_total(s)
    1     41.6184       41.6184         43.3420      0.002       0.002
    2     40.2963       40.2963         41.5751      0.002       0.004
    3     39.4382       39.4382         40.9927      0.002       0.006
    4     39.4502       39.4382         40.5016      0.002       0.009
    5     39.2623       39.2623         40.4121      0.002       0.011
    6     39.1351       39.1351         40.4354      0.002       0.013
    7     39.3776       39.1351         40.3015      0.002       0.015
    8     39.2173       39.1351         40.2209      0.002       0.018
    9     38.9015       38.9015         40.2261      0.002       0.020
   10     38.5088       38.5088         40.1202      0.002       0.023
   11     38.5396       38.5088         40.2540      0.003       0.025
   12     38.9243       38.5088         40.2389      0.003       0.028
   13     39.2085       38.5088         40.1712      0.002       0.030
   14     38.8906       38.5088         40.2059      0.003       0.033
   15     38.9785       38.5088         40.0281      0.003       0.036
   16     38.5794       38.5088         40.0016      0.002       0.038
   17     38.6460       38.5088         39.9648      0.002       0.041
   18     38.4950       38.4950         39.8411      0.003       0.043
   19     38.6563       38.4950         39.8838      0.002       0.046
   20     38.9767       38.4950         39.9207      0.003       0.048
   21     38.9398       38.4950         39.9675      0.003       0.051
   22     38.7806       38.4950         40.0928      0.003       0.053
   23     38.4728       38.4728         39.9672      0.003       0.056
   24     38.1561       38.1561         40.1278      0.003       0.059
   25     38.8467       38.1561         40.1106      0.002       0.061
   26     38.7650       38.1561         40.1653      0.002       0.064
   27     39.1150       38.1561         40.1503      0.002       0.066
   28     38.7555       38.1561         39.9442      0.002       0.068
   29     38.5610       38.1561         39.9312      0.003       0.071
   30     38.6134       38.1561         40.1578      0.002       0.074
   31     38.9819       38.1561         39.9122      0.002       0.076
   32     38.9378       38.1561         40.0674      0.002       0.078
   33     38.5162       38.1561         39.9347      0.002       0.081
   34     38.3845       38.1561         39.8500      0.002       0.083
   35     38.8520       38.1561         40.0328      0.002       0.086
   36     38.2431       38.1561         39.8571      0.002       0.088
   37     38.6106       38.1561         39.8817      0.002       0.091
   38     38.8839       38.1561         39.8413      0.003       0.093
   39     38.6335       38.1561         39.8695      0.003       0.096
   40     38.7214       38.1561         39.8242      0.003       0.099
   41     38.6945       38.1561         39.8148      0.003       0.102
   42     38.8728       38.1561         39.8591      0.003       0.104
   43     38.5287       38.1561         39.9025      0.003       0.107
   44     38.5144       38.1561         39.8165      0.003       0.110
   45     38.3789       38.1561         39.8202      0.003       0.112
   46     38.4771       38.1561         39.7600      0.003       0.115
   47     38.1324       38.1324         39.8081      0.003       0.117
   48     38.4014       38.1324         39.9547      0.003       0.120
   49     38.2167       38.1324         39.8674      0.003       0.123
   50     38.0563       38.0563         39.9177      0.003       0.126
   51     38.1169       38.0563         39.8035      0.003       0.129
   52     38.1208       38.0563         39.9495      0.003       0.131
   53     38.1806       38.0563         39.8106      0.003       0.134
   54     38.8868       38.0563         39.9331      0.003       0.137
   55     38.3137       38.0563         39.9033      0.003       0.140
   56     38.5245       38.0563         40.0213      0.003       0.142
   57     38.3663       38.0563         39.9081      0.006       0.148
   58     38.2184       38.0563         40.0268      0.003       0.152
   59     38.4091       38.0563         39.9574      0.002       0.154
   60     38.5488       38.0563         40.0242      0.003       0.157
   61     38.3262       38.0563         40.0645      0.004       0.162
   62     38.4050       38.0563         39.9144      0.005       0.166
   63     38.2932       38.0563         40.0229      0.002       0.168
   64     38.3422       38.0563         40.0871      0.002       0.171
   65     38.2730       38.0563         39.9705      0.003       0.174
   66     38.4749       38.0563         40.0456      0.003       0.177
   67     38.1300       38.0563         39.9642      0.002       0.179
   68     38.7924       38.0563         40.1728      0.003       0.182
   69     38.9331       38.0563         40.0845      0.003       0.184
   70     38.2585       38.0563         39.8906      0.002       0.187
   71     38.6631       38.0563         40.1384      0.002       0.189
   72     38.2184       38.0563         40.1078      0.003       0.192
   73     38.1708       38.0563         40.0262      0.003       0.195
   74     38.3194       38.0563         40.0645      0.003       0.197
   75     38.0563       38.0563         40.0060      0.002       0.200
   76     38.0984       38.0563         39.8090      0.003       0.202
   77     38.2273       38.0563         39.9902      0.003       0.205
   78     38.1782       38.0563         39.8403      0.003       0.207
   79     38.4316       38.0563         40.1270      0.003       0.210
   80     38.1544       38.0563         39.9426      0.002       0.213
   81     38.2285       38.0563         40.0118      0.002       0.215
   82     38.3338       38.0563         40.1840      0.003       0.218
   83     38.4169       38.0563         39.9767      0.002       0.220
   84     38.2128       38.0563         39.8814      0.002       0.223
   85     38.2454       38.0563         40.1371      0.003       0.225
   86     38.3352       38.0563         40.1688      0.003       0.228
   87     38.3541       38.0563         40.0638      0.002       0.230
   88     38.1162       38.0563         39.9214      0.002       0.233
   89     38.3063       38.0563         40.0566      0.002       0.235
   90     38.3635       38.0563         40.2774      0.002       0.238
   91     38.1809       38.0563         40.0435      0.002       0.240
   92     38.1782       38.0563         40.1224      0.003       0.243
   93     38.2964       38.0563         39.9923      0.003       0.246
   94     38.4565       38.0563         40.0806      0.003       0.248
   95     38.4482       38.0563         40.1846      0.002       0.251
   96     38.1593       38.0563         40.2152      0.002       0.253
   97     38.1797       38.0563         39.7775      0.002       0.256
   98     38.7727       38.0563         40.0718      0.003       0.258
   99     38.3356       38.0563         39.9680      0.003       0.261
  100     38.2847       38.0563         40.0148      0.003       0.264
# ---- resumen ----
n=2000 m=50 iters=100 tour_valido=SI L_mejor=38.05630 (verificado 38.05630) L_nn=39.27121 mejora_vs_nn=3.09%
unidades_originales: factor_escala=0.999892 L_mejor=38.05219 L_nn=39.26697
tiempo: preparacion=0.008 s  ACO=0.264 s  total=0.273 s  (0.0026 s/iter)
memoria: pico RSS=5.6 MB (tras KNN 4.6 MB) | matrices densas D+T serian 0.032 GB
CSV,2000,50,8,1,100,38.056299,39.271209,0.008,0.264,5.6
