# n=200 m=500 K=8 alpha=1.50 beta=5.00 rho=0.10 two=1 alpha2=1.00 hilos=12 semilla=2
# preparacion (puntos+rejilla+KNN): 0.003 s | L_nn=14.2990
# iter  mejor_iter  mejor_global  media_hormigas  t_iter(s)  t_total(s)
    1     13.0005       13.0005         14.7838      0.002       0.002
    2     12.4540       12.4540         13.9542      0.002       0.004
    3     12.3844       12.3844         13.6806      0.002       0.006
    4     12.1118       12.1118         13.4908      0.002       0.008
    5     12.0877       12.0877         13.3969      0.002       0.010
    6     12.1681       12.0877         13.3019      0.002       0.012
    7     12.0118       12.0118         13.3212      0.002       0.014
    8     12.0079       12.0079         13.2871      0.002       0.016
    9     12.0184       12.0079         13.2804      0.002       0.018
   10     12.0050       12.0050         13.2128      0.002       0.020
   11     11.9933       11.9933         13.1855      0.002       0.022
   12     11.9640       11.9640         13.2016      0.002       0.024
   13     11.9480       11.9480         13.1268      0.002       0.026
   14     11.9329       11.9329         13.1495      0.002       0.028
   15     11.9486       11.9329         13.1271      0.002       0.030
   16     11.9933       11.9329         13.0536      0.002       0.032
   17     11.9329       11.9329         13.0411      0.002       0.035
   18     12.0023       11.9329         13.0451      0.002       0.037
   19     11.9082       11.9082         13.0451      0.002       0.039
   20     11.9307       11.9082         13.0455      0.002       0.041
   21     12.0079       11.9082         13.0305      0.002       0.043
   22     11.8599       11.8599         13.0317      0.002       0.045
   23     11.9481       11.8599         13.0693      0.002       0.047
   24     11.9252       11.8599         13.0221      0.002       0.049
   25     11.9720       11.8599         12.9887      0.002       0.051
   26     11.9481       11.8599         13.0125      0.002       0.053
   27     11.9481       11.8599         12.9895      0.002       0.055
   28     11.9252       11.8599         12.9784      0.002       0.057
   29     11.8536       11.8536         12.9869      0.002       0.059
   30     11.9251       11.8536         12.9570      0.002       0.061
   31     11.8742       11.8536         12.9610      0.002       0.064
   32     11.8168       11.8168         12.9295      0.002       0.066
   33     11.9521       11.8168         12.9761      0.002       0.068
   34     11.9814       11.8168         12.9338      0.002       0.070
   35     11.8629       11.8168         12.9660      0.002       0.072
   36     11.7832       11.7832         12.9768      0.002       0.074
   37     11.8963       11.7832         12.9486      0.002       0.076
   38     11.7873       11.7832         12.9230      0.002       0.078
   39     11.8733       11.7832         12.9246      0.002       0.080
   40     11.8754       11.7832         12.9446      0.002       0.082
   41     11.8629       11.7832         12.9543      0.002       0.084
   42     11.8629       11.7832         12.9407      0.002       0.086
   43     11.8926       11.7832         12.9119      0.002       0.089
   44     11.8742       11.7832         12.9859      0.002       0.091
   45     11.9439       11.7832         12.9276      0.002       0.093
   46     11.8108       11.7832         12.9521      0.002       0.095
   47     11.8742       11.7832         12.9241      0.002       0.097
   48     11.8690       11.7832         12.9446      0.002       0.099
   49     11.8032       11.7832         12.8914      0.002       0.101
   50     11.8491       11.7832         12.9141      0.002       0.103
   51     11.8366       11.7832         12.9159      0.002       0.105
   52     11.8032       11.7832         12.9539      0.002       0.107
   53     11.7832       11.7832         12.8910      0.002       0.109
   54     11.7832       11.7832         12.9060      0.002       0.111
   55     11.7832       11.7832         12.8590      0.002       0.113
   56     11.7735       11.7735         12.8639      0.002       0.115
   57     11.7474       11.7474         12.8531      0.002       0.118
   58     11.7652       11.7474         12.8681      0.002       0.120
   59     11.7735       11.7474         12.9050      0.002       0.122
   60     11.7624       11.7474         12.8656      0.002       0.124
   61     11.7735       11.7474         12.9198      0.002       0.126
   62     11.7735       11.7474         12.9041      0.002       0.128
   63     11.7632       11.7474         12.9052      0.002       0.130
   64     11.7832       11.7474         12.9345      0.002       0.132
   65     11.7825       11.7474         12.9339      0.002       0.134
   66     11.7825       11.7474         12.9656      0.002       0.136
   67     11.7832       11.7474         12.9964      0.002       0.138
   68     11.7377       11.7377         13.0024      0.002       0.140
   69     11.7624       11.7377         12.9792      0.002       0.142
   70     11.7644       11.7377         12.9527      0.002       0.144
   71     11.7735       11.7377         12.9152      0.002       0.146
   72     11.7674       11.7377         12.9131      0.002       0.148
   73     11.7644       11.7377         12.8808      0.002       0.150
   74     11.7674       11.7377         12.9311      0.002       0.152
   75     11.7674       11.7377         12.9448      0.002       0.154
   76     11.7632       11.7377         12.9167      0.002       0.156
   77     11.7377       11.7377         12.9285      0.002       0.158
   78     11.7674       11.7377         12.9937      0.002       0.160
   79     11.7377       11.7377         12.9386      0.002       0.162
   80     11.7377       11.7377         12.9051      0.002       0.164
   81     11.7377       11.7377         12.9053      0.002       0.166
   82     11.7377       11.7377         12.9641      0.002       0.168
   83     11.7377       11.7377         12.9891      0.002       0.170
   84     11.7377       11.7377         12.9577      0.002       0.172
   85     11.7377       11.7377         12.9124      0.002       0.174
   86     11.7377       11.7377         12.8836      0.002       0.176
   87     11.7377       11.7377         12.8584      0.002       0.178
   88     11.7377       11.7377         12.9060      0.002       0.180
   89     11.7377       11.7377         12.9156      0.002       0.182
   90     11.7642       11.7377         12.9347      0.002       0.184
   91     11.7377       11.7377         12.9231      0.002       0.186
   92     11.7377       11.7377         12.8858      0.002       0.189
   93     11.7377       11.7377         12.9069      0.002       0.191
   94     11.7377       11.7377         12.8953      0.002       0.193
   95     11.7642       11.7377         12.8860      0.002       0.195
   96     11.7377       11.7377         12.9226      0.002       0.197
   97     11.7377       11.7377         12.9033      0.002       0.199
   98     11.7377       11.7377         12.9069      0.002       0.201
   99     11.7377       11.7377         12.8168      0.002       0.203
  100     11.7377       11.7377         12.8637      0.002       0.205
# ---- resumen ----
n=200 m=500 iters=100 tour_valido=SI L_mejor=11.73773 (verificado 11.73773) L_nn=14.29899 mejora_vs_nn=17.91%
unidades_originales: factor_escala=0.994451 L_mejor=11.67260 L_nn=14.21965
tiempo: preparacion=0.003 s  ACO=0.205 s  total=0.208 s  (0.0020 s/iter)
memoria: pico RSS=4.6 MB (tras KNN 4.5 MB) | matrices densas D+T serian 0.000 GB
CSV,200,500,8,1,100,11.737726,14.298993,0.003,0.205,4.6
