# n=2000 m=500 K=8 alpha=1.50 beta=5.00 rho=0.10 two=1 alpha2=1.00 hilos=12 semilla=3
# preparacion (puntos+rejilla+KNN): 0.008 s | L_nn=41.5577
# iter  mejor_iter  mejor_global  media_hormigas  t_iter(s)  t_total(s)
    1     41.6464       41.6464         43.6708      0.014       0.014
    2     40.2874       40.2874         41.7017      0.017       0.031
    3     39.4298       39.4298         40.9903      0.017       0.049
    4     39.1594       39.1594         40.6477      0.018       0.067
    5     38.9421       38.9421         40.4802      0.017       0.084
    6     38.4751       38.4751         40.3155      0.017       0.101
    7     38.8360       38.4751         40.2591      0.016       0.118
    8     38.8932       38.4751         40.2104      0.017       0.134
    9     38.3709       38.3709         40.1373      0.017       0.151
   10     38.4656       38.3709         40.1070      0.017       0.168
   11     38.1763       38.1763         40.0724      0.017       0.185
   12     38.2242       38.1763         39.9987      0.017       0.202
   13     38.5329       38.1763         39.8942      0.016       0.218
   14     38.5251       38.1763         39.8749      0.017       0.236
   15     38.6560       38.1763         39.8952      0.017       0.253
   16     38.3009       38.1763         39.8273      0.017       0.269
   17     37.8827       37.8827         39.7802      0.017       0.286
   18     38.3091       37.8827         39.7316      0.017       0.303
   19     38.3082       37.8827         39.8107      0.017       0.320
   20     38.3309       37.8827         39.7828      0.018       0.338
   21     38.2494       37.8827         39.7535      0.017       0.355
   22     37.8547       37.8547         39.7637      0.017       0.372
   23     38.1039       37.8547         39.7057      0.016       0.388
   24     38.1247       37.8547         39.6892      0.017       0.405
   25     38.1146       37.8547         39.6708      0.016       0.421
   26     38.4011       37.8547         39.6062      0.017       0.438
   27     38.3284       37.8547         39.6213      0.016       0.454
   28     38.1111       37.8547         39.5267      0.017       0.471
   29     38.2156       37.8547         39.5599      0.016       0.487
   30     38.2746       37.8547         39.4977      0.017       0.504
   31     38.1146       37.8547         39.4623      0.016       0.521
   32     38.2013       37.8547         39.4945      0.017       0.538
   33     37.9412       37.8547         39.4785      0.017       0.554
   34     37.9756       37.8547         39.4380      0.016       0.571
   35     37.9626       37.8547         39.4336      0.016       0.587
   36     38.1648       37.8547         39.4462      0.016       0.604
   37     38.1227       37.8547         39.3724      0.016       0.620
   38     38.0174       37.8547         39.3914      0.017       0.637
   39     37.9359       37.8547         39.4101      0.016       0.653
   40     37.8311       37.8311         39.4108      0.017       0.669
   41     37.8867       37.8311         39.3726      0.016       0.685
   42     37.7511       37.7511         39.3943      0.016       0.702
   43     37.7407       37.7407         39.3596      0.016       0.718
   44     37.7470       37.7407         39.3529      0.016       0.735
   45     37.8925       37.7407         39.3809      0.016       0.751
   46     37.7475       37.7407         39.3547      0.017       0.768
   47     37.7323       37.7323         39.3790      0.017       0.784
   48     37.7169       37.7169         39.3936      0.017       0.801
   49     37.7473       37.7169         39.3567      0.017       0.818
   50     37.6689       37.6689         39.3813      0.018       0.836
   51     37.7703       37.6689         39.3568      0.016       0.852
   52     37.6622       37.6622         39.3444      0.017       0.869
   53     37.6561       37.6561         39.4126      0.016       0.885
   54     37.5717       37.5717         39.3454      0.017       0.902
   55     37.6850       37.5717         39.4157      0.017       0.919
   56     37.6833       37.5717         39.4178      0.017       0.937
   57     37.7666       37.5717         39.4101      0.017       0.954
   58     37.5885       37.5717         39.3818      0.016       0.970
   59     37.8403       37.5717         39.4062      0.017       0.987
   60     38.0425       37.5717         39.4658      0.017       1.003
   61     37.6210       37.5717         39.4647      0.016       1.020
   62     37.8888       37.5717         39.4337      0.017       1.037
   63     37.7083       37.5717         39.4635      0.017       1.053
   64     37.9094       37.5717         39.4576      0.017       1.070
   65     37.6642       37.5717         39.4388      0.017       1.087
   66     37.7062       37.5717         39.4421      0.017       1.104
   67     37.6796       37.5717         39.4235      0.017       1.120
   68     37.4990       37.4990         39.4459      0.017       1.137
   69     37.5703       37.4990         39.4405      0.016       1.154
   70     37.6864       37.4990         39.4366      0.017       1.170
   71     37.8247       37.4990         39.4395      0.016       1.186
   72     37.5242       37.4990         39.4271      0.017       1.203
   73     37.4175       37.4175         39.4097      0.016       1.220
   74     37.4865       37.4175         39.4454      0.017       1.236
   75     37.5045       37.4175         39.4322      0.016       1.253
   76     37.7013       37.4175         39.4432      0.017       1.270
   77     37.5039       37.4175         39.4448      0.017       1.286
   78     37.7386       37.4175         39.4999      0.016       1.303
   79     37.5307       37.4175         39.4231      0.016       1.319
   80     37.4969       37.4175         39.3957      0.017       1.336
   81     37.6459       37.4175         39.4109      0.017       1.352
   82     37.4626       37.4175         39.4778      0.017       1.369
   83     37.4860       37.4175         39.4441      0.016       1.386
   84     37.4620       37.4175         39.3776      0.017       1.402
   85     37.4860       37.4175         39.3707      0.016       1.418
   86     37.3943       37.3943         39.4242      0.017       1.435
   87     37.4865       37.3943         39.3767      0.016       1.451
   88     37.4419       37.3943         39.3748      0.017       1.468
   89     37.4545       37.3943         39.3640      0.016       1.484
   90     37.3877       37.3877         39.3596      0.017       1.501
   91     37.3621       37.3621         39.3849      0.016       1.517
   92     37.4889       37.3621         39.3896      0.016       1.533
   93     37.4419       37.3621         39.3458      0.017       1.550
   94     37.4325       37.3621         39.3086      0.016       1.566
   95     37.3297       37.3297         39.3298      0.016       1.582
   96     37.4478       37.3297         39.2894      0.016       1.599
   97     37.3297       37.3297         39.2939      0.016       1.615
   98     37.3297       37.3297         39.3134      0.016       1.632
   99     37.3297       37.3297         39.3298      0.017       1.649
  100     37.3297       37.3297         39.2393      0.016       1.665
# ---- resumen ----
n=2000 m=500 iters=100 tour_valido=SI L_mejor=37.32965 (verificado 37.32965) L_nn=41.55774 mejora_vs_nn=10.17%
unidades_originales: factor_escala=0.999422 L_mejor=37.30807 L_nn=41.53371
tiempo: preparacion=0.008 s  ACO=1.665 s  total=1.674 s  (0.0166 s/iter)
memoria: pico RSS=5.6 MB (tras KNN 4.7 MB) | matrices densas D+T serian 0.032 GB
CSV,2000,500,8,1,100,37.329654,41.557739,0.008,1.665,5.6
