# n=200 m=2048 K=8 alpha=1.50 beta=5.00 rho=0.10 two=1 alpha2=1.00 hilos=12 semilla=2
# preparacion (puntos+rejilla+KNN): 0.003 s | L_nn=14.2990
# iter  mejor_iter  mejor_global  media_hormigas  t_iter(s)  t_total(s)
    1     13.0005       13.0005         14.7498      0.007       0.007
    2     12.2690       12.2690         13.9662      0.007       0.013
    3     11.9063       11.9063         13.5724      0.007       0.020
    4     11.8302       11.8302         13.3245      0.007       0.027
    5     11.8563       11.8302         13.1870      0.006       0.033
    6     11.7242       11.7242         13.0749      0.006       0.040
    7     11.7242       11.7242         13.0044      0.006       0.046
    8     11.7242       11.7242         12.9735      0.006       0.052
    9     11.7242       11.7242         12.9069      0.007       0.059
   10     11.7242       11.7242         12.8588      0.007       0.066
   11     11.7242       11.7242         12.8141      0.006       0.072
   12     11.7242       11.7242         12.7732      0.006       0.078
   13     11.7242       11.7242         12.7502      0.006       0.084
   14     11.7242       11.7242         12.7318      0.006       0.090
   15     11.7242       11.7242         12.7121      0.006       0.096
   16     11.7242       11.7242         12.6964      0.006       0.102
   17     11.7242       11.7242         12.7232      0.006       0.108
   18     11.7242       11.7242         12.6974      0.006       0.115
   19     11.7237       11.7237         12.6928      0.006       0.121
   20     11.7237       11.7237         12.7246      0.006       0.127
   21     11.7237       11.7237         12.7231      0.006       0.133
   22     11.7237       11.7237         12.6973      0.006       0.139
   23     11.7237       11.7237         12.7362      0.006       0.145
   24     11.7237       11.7237         12.7191      0.006       0.151
   25     11.7237       11.7237         12.7417      0.006       0.157
   26     11.7237       11.7237         12.7120      0.006       0.163
   27     11.7237       11.7237         12.7500      0.006       0.169
   28     11.7237       11.7237         12.7336      0.006       0.175
   29     11.7237       11.7237         12.7389      0.006       0.182
   30     11.7237       11.7237         12.7498      0.007       0.189
   31     11.7237       11.7237         12.7236      0.006       0.195
   32     11.7237       11.7237         12.7381      0.006       0.201
   33     11.7237       11.7237         12.7395      0.006       0.207
   34     11.7237       11.7237         12.7327      0.006       0.214
   35     11.7237       11.7237         12.7063      0.006       0.219
   36     11.7237       11.7237         12.7007      0.007       0.226
   37     11.7237       11.7237         12.6889      0.006       0.233
   38     11.7237       11.7237         12.6918      0.006       0.239
   39     11.7237       11.7237         12.6730      0.006       0.245
   40     11.7237       11.7237         12.6828      0.006       0.251
   41     11.6283       11.6283         12.6613      0.006       0.258
   42     11.7237       11.6283         12.6729      0.007       0.264
   43     11.6283       11.6283         12.6659      0.006       0.270
   44     11.7237       11.6283         12.6585      0.006       0.277
   45     11.7237       11.6283         12.6475      0.006       0.283
   46     11.6887       11.6283         12.6616      0.007       0.289
   47     11.6283       11.6283         12.6719      0.007       0.296
   48     11.7237       11.6283         12.6592      0.006       0.303
   49     11.6283       11.6283         12.6610      0.007       0.309
   50     11.7237       11.6283         12.6800      0.006       0.316
   51     11.6283       11.6283         12.6589      0.006       0.322
   52     11.6283       11.6283         12.6595      0.006       0.328
   53     11.6283       11.6283         12.6621      0.006       0.334
   54     11.6283       11.6283         12.6600      0.006       0.341
   55     11.6283       11.6283         12.6555      0.006       0.347
   56     11.6283       11.6283         12.6719      0.006       0.353
   57     11.6283       11.6283         12.6722      0.007       0.360
   58     11.6283       11.6283         12.6845      0.006       0.366
   59     11.6283       11.6283         12.6718      0.007       0.373
   60     11.6283       11.6283         12.6845      0.006       0.379
   61     11.6283       11.6283         12.6932      0.006       0.386
   62     11.6283       11.6283         12.7080      0.008       0.393
   63     11.6283       11.6283         12.6875      0.008       0.402
   64     11.6283       11.6283         12.7398      0.009       0.411
   65     11.6283       11.6283         12.7654      0.009       0.419
   66     11.6283       11.6283         12.7703      0.010       0.429
   67     11.6283       11.6283         12.7911      0.011       0.440
   68     11.6283       11.6283         12.8103      0.007       0.447
   69     11.6283       11.6283         12.8296      0.007       0.455
   70     11.6283       11.6283         12.8497      0.008       0.462
   71     11.6283       11.6283         12.8438      0.007       0.469
   72     11.6283       11.6283         12.8594      0.008       0.477
   73     11.6283       11.6283         12.8410      0.008       0.485
   74     11.6283       11.6283         12.8496      0.008       0.493
   75     11.6283       11.6283         12.8375      0.008       0.501
   76     11.6283       11.6283         12.8199      0.007       0.508
   77     11.6283       11.6283         12.8620      0.007       0.515
   78     11.6283       11.6283         12.8664      0.008       0.524
   79     11.6283       11.6283         12.8596      0.007       0.531
   80     11.6283       11.6283         12.8307      0.007       0.538
   81     11.6283       11.6283         12.8555      0.007       0.545
   82     11.6283       11.6283         12.8703      0.007       0.553
   83     11.6283       11.6283         12.9006      0.008       0.560
   84     11.6283       11.6283         12.8733      0.007       0.567
   85     11.6283       11.6283         12.8815      0.007       0.574
   86     11.6283       11.6283         12.8973      0.007       0.582
   87     11.6283       11.6283         12.8911      0.008       0.589
   88     11.6283       11.6283         12.8951      0.009       0.598
   89     11.6283       11.6283         12.8863      0.007       0.605
   90     11.6283       11.6283         12.9200      0.008       0.614
   91     11.6283       11.6283         12.9047      0.007       0.621
   92     11.6283       11.6283         12.9025      0.009       0.629
   93     11.6283       11.6283         12.9156      0.008       0.637
   94     11.6283       11.6283         12.9310      0.008       0.646
   95     11.6283       11.6283         12.9238      0.008       0.654
   96     11.6283       11.6283         12.9160      0.008       0.662
   97     11.6283       11.6283         12.9316      0.008       0.669
   98     11.6283       11.6283         12.9504      0.009       0.679
   99     11.6283       11.6283         12.9083      0.008       0.687
  100     11.6283       11.6283         12.9736      0.009       0.696
# ---- resumen ----
n=200 m=2048 iters=100 tour_valido=SI L_mejor=11.62829 (verificado 11.62829) L_nn=14.29899 mejora_vs_nn=18.68%
unidades_originales: factor_escala=0.994451 L_mejor=11.56377 L_nn=14.21965
tiempo: preparacion=0.003 s  ACO=0.696 s  total=0.699 s  (0.0070 s/iter)
memoria: pico RSS=4.6 MB (tras KNN 4.5 MB) | matrices densas D+T serian 0.000 GB
CSV,200,2048,8,1,100,11.628289,14.298993,0.003,0.696,4.6
