# n=200 m=500 K=8 alpha=1.50 beta=5.00 rho=0.10 two=1 alpha2=1.00 hilos=12 semilla=3
# preparacion (puntos+rejilla+KNN): 0.003 s | L_nn=14.5673
# iter  mejor_iter  mejor_global  media_hormigas  t_iter(s)  t_total(s)
    1     13.1640       13.1640         14.6247      0.002       0.002
    2     12.4572       12.4572         13.7870      0.002       0.004
    3     12.1452       12.1452         13.5054      0.002       0.006
    4     11.9703       11.9703         13.3883      0.002       0.008
    5     11.8851       11.8851         13.2953      0.002       0.010
    6     11.8520       11.8520         13.1798      0.002       0.012
    7     11.7605       11.7605         13.1701      0.002       0.014
    8     11.7212       11.7212         13.1033      0.002       0.016
    9     11.7550       11.7212         13.0409      0.002       0.018
   10     11.6971       11.6971         13.0262      0.002       0.021
   11     11.7212       11.6971         13.0141      0.002       0.023
   12     11.6959       11.6959         12.9920      0.002       0.025
   13     11.7263       11.6959         13.0046      0.002       0.027
   14     11.6959       11.6959         12.9883      0.002       0.029
   15     11.6959       11.6959         12.9318      0.002       0.031
   16     11.6959       11.6959         12.9288      0.002       0.034
   17     11.6959       11.6959         12.9100      0.002       0.036
   18     11.6732       11.6732         12.8649      0.002       0.038
   19     11.6959       11.6732         12.8686      0.002       0.040
   20     11.6959       11.6732         12.8607      0.002       0.042
   21     11.6732       11.6732         12.9042      0.002       0.045
   22     11.6959       11.6732         12.8538      0.002       0.047
   23     11.6846       11.6732         12.8513      0.002       0.049
   24     11.6732       11.6732         12.8393      0.002       0.051
   25     11.6732       11.6732         12.7863      0.002       0.053
   26     11.6959       11.6732         12.8340      0.002       0.056
   27     11.6732       11.6732         12.8217      0.002       0.058
   28     11.6732       11.6732         12.8235      0.002       0.060
   29     11.6959       11.6732         12.8286      0.002       0.062
   30     11.6732       11.6732         12.8108      0.002       0.064
   31     11.6732       11.6732         12.7963      0.002       0.067
   32     11.6732       11.6732         12.7907      0.002       0.069
   33     11.6732       11.6732         12.8077      0.002       0.071
   34     11.6732       11.6732         12.8239      0.002       0.073
   35     11.6732       11.6732         12.7931      0.002       0.075
   36     11.6732       11.6732         12.8122      0.002       0.077
   37     11.6732       11.6732         12.7909      0.002       0.079
   38     11.6732       11.6732         12.7842      0.002       0.081
   39     11.6732       11.6732         12.7892      0.002       0.083
   40     11.6732       11.6732         12.8200      0.002       0.085
   41     11.6732       11.6732         12.7657      0.002       0.087
   42     11.6732       11.6732         12.7718      0.002       0.089
   43     11.6732       11.6732         12.7930      0.002       0.091
   44     11.6732       11.6732         12.7957      0.002       0.093
   45     11.6732       11.6732         12.7622      0.002       0.095
   46     11.7268       11.6732         12.7863      0.002       0.097
   47     11.7268       11.6732         12.7985      0.002       0.099
   48     11.6732       11.6732         12.8067      0.002       0.101
   49     11.6732       11.6732         12.7742      0.002       0.104
   50     11.6732       11.6732         12.7567      0.002       0.106
   51     11.6732       11.6732         12.7772      0.002       0.108
   52     11.6732       11.6732         12.7685      0.002       0.110
   53     11.6732       11.6732         12.7939      0.002       0.112
   54     11.6732       11.6732         12.7860      0.002       0.114
   55     11.6732       11.6732         12.8049      0.002       0.116
   56     11.6732       11.6732         12.7930      0.002       0.118
   57     11.6732       11.6732         12.7964      0.002       0.120
   58     11.6732       11.6732         12.7584      0.002       0.122
   59     11.7268       11.6732         12.8136      0.002       0.124
   60     11.6732       11.6732         12.7753      0.002       0.126
   61     11.6732       11.6732         12.8167      0.002       0.128
   62     11.6732       11.6732         12.8256      0.002       0.130
   63     11.6732       11.6732         12.7967      0.002       0.132
   64     11.6732       11.6732         12.8035      0.002       0.134
   65     11.6732       11.6732         12.7913      0.002       0.136
   66     11.6732       11.6732         12.8267      0.002       0.138
   67     11.6732       11.6732         12.8151      0.002       0.140
   68     11.6732       11.6732         12.7959      0.002       0.142
   69     11.6846       11.6732         12.8309      0.003       0.145
   70     11.6732       11.6732         12.8370      0.002       0.147
   71     11.6732       11.6732         12.8202      0.002       0.149
   72     11.6732       11.6732         12.7897      0.003       0.152
   73     11.6732       11.6732         12.8317      0.002       0.154
   74     11.6732       11.6732         12.8393      0.002       0.157
   75     11.6732       11.6732         12.8638      0.002       0.159
   76     11.6732       11.6732         12.8735      0.002       0.161
   77     11.6732       11.6732         12.8522      0.002       0.163
   78     11.6732       11.6732         12.8950      0.002       0.165
   79     11.6732       11.6732         12.8944      0.002       0.167
   80     11.6732       11.6732         12.9291      0.002       0.169
   81     11.6732       11.6732         12.9032      0.002       0.171
   82     11.6732       11.6732         12.9155      0.002       0.173
   83     11.6732       11.6732         12.9151      0.002       0.175
   84     11.6808       11.6732         12.9403      0.002       0.177
   85     11.6732       11.6732         12.9265      0.002       0.179
   86     11.6732       11.6732         12.9179      0.002       0.181
   87     11.6732       11.6732         12.9345      0.002       0.183
   88     11.6732       11.6732         12.9355      0.002       0.185
   89     11.6732       11.6732         12.8827      0.002       0.187
   90     11.6732       11.6732         12.9228      0.002       0.189
   91     11.6732       11.6732         12.9252      0.002       0.192
   92     11.6732       11.6732         12.9373      0.002       0.194
   93     11.6808       11.6732         12.9586      0.002       0.196
   94     11.6732       11.6732         12.9460      0.002       0.198
   95     11.6732       11.6732         12.9503      0.002       0.200
   96     11.6732       11.6732         12.9463      0.002       0.202
   97     11.6732       11.6732         12.9385      0.002       0.204
   98     11.6732       11.6732         12.9735      0.002       0.206
   99     11.6732       11.6732         12.9559      0.002       0.208
  100     11.6732       11.6732         12.9421      0.002       0.210
# ---- resumen ----
n=200 m=500 iters=100 tour_valido=SI L_mejor=11.67320 (verificado 11.67320) L_nn=14.56735 mejora_vs_nn=19.87%
unidades_originales: factor_escala=0.998083 L_mejor=11.65083 L_nn=14.53942
tiempo: preparacion=0.003 s  ACO=0.211 s  total=0.214 s  (0.0021 s/iter)
memoria: pico RSS=4.6 MB (tras KNN 4.5 MB) | matrices densas D+T serian 0.000 GB
CSV,200,500,8,1,100,11.673203,14.567346,0.003,0.211,4.6
