# n=200 m=500 K=8 alpha=1.50 beta=5.00 rho=0.10 two=1 alpha2=1.00 hilos=12 semilla=1
# preparacion (puntos+rejilla+KNN): 0.003 s | L_nn=14.0336
# iter  mejor_iter  mejor_global  media_hormigas  t_iter(s)  t_total(s)
    1     12.8611       12.8611         14.2944      0.002       0.002
    2     12.4080       12.4080         13.7421      0.002       0.004
    3     12.1846       12.1846         13.4715      0.002       0.006
    4     11.9594       11.9594         13.5559      0.002       0.008
    5     11.7900       11.7900         13.5140      0.002       0.010
    6     12.1782       11.7900         13.4891      0.002       0.012
    7     12.1564       11.7900         13.3640      0.002       0.014
    8     11.9258       11.7900         13.2447      0.002       0.016
    9     11.9211       11.7900         13.1990      0.002       0.018
   10     11.9215       11.7900         13.1316      0.002       0.020
   11     11.8042       11.7900         13.0848      0.002       0.022
   12     11.6575       11.6575         13.0731      0.002       0.024
   13     11.7203       11.6575         12.9874      0.002       0.026
   14     11.9236       11.6575         12.9490      0.002       0.028
   15     11.6925       11.6575         12.9074      0.002       0.030
   16     11.7390       11.6575         12.8692      0.002       0.032
   17     11.7347       11.6575         12.8846      0.002       0.034
   18     11.6651       11.6575         12.8787      0.002       0.036
   19     11.6575       11.6575         12.8565      0.002       0.038
   20     11.6575       11.6575         12.8127      0.002       0.040
   21     11.7366       11.6575         12.7999      0.002       0.042
   22     11.6575       11.6575         12.8177      0.002       0.044
   23     11.6575       11.6575         12.7517      0.002       0.047
   24     11.6575       11.6575         12.7136      0.002       0.049
   25     11.6562       11.6562         12.7151      0.002       0.051
   26     11.6575       11.6562         12.6934      0.002       0.053
   27     11.6562       11.6562         12.7115      0.002       0.055
   28     11.6562       11.6562         12.7294      0.002       0.057
   29     11.6562       11.6562         12.7041      0.002       0.059
   30     11.6575       11.6562         12.7121      0.002       0.061
   31     11.6562       11.6562         12.7203      0.002       0.063
   32     11.6562       11.6562         12.7110      0.002       0.065
   33     11.6562       11.6562         12.6873      0.002       0.067
   34     11.6562       11.6562         12.6823      0.002       0.069
   35     11.6562       11.6562         12.6854      0.002       0.071
   36     11.6562       11.6562         12.6566      0.002       0.073
   37     11.6562       11.6562         12.6464      0.002       0.075
   38     11.6562       11.6562         12.6154      0.002       0.077
   39     11.6562       11.6562         12.6170      0.002       0.080
   40     11.6562       11.6562         12.6170      0.002       0.082
   41     11.6162       11.6162         12.5786      0.002       0.084
   42     11.6562       11.6162         12.5294      0.002       0.086
   43     11.6562       11.6162         12.5250      0.002       0.087
   44     11.6562       11.6162         12.5043      0.002       0.089
   45     11.6162       11.6162         12.4525      0.002       0.091
   46     11.6162       11.6162         12.4404      0.002       0.093
   47     11.6486       11.6162         12.4441      0.002       0.095
   48     11.6162       11.6162         12.3941      0.002       0.097
   49     11.6162       11.6162         12.3805      0.002       0.099
   50     11.6162       11.6162         12.3428      0.002       0.101
   51     11.6243       11.6162         12.3097      0.002       0.103
   52     11.6162       11.6162         12.2591      0.002       0.105
   53     11.5998       11.5998         12.2760      0.002       0.107
   54     11.6059       11.5998         12.1812      0.002       0.110
   55     11.5998       11.5998         12.1762      0.002       0.112
   56     11.6123       11.5998         12.1868      0.002       0.114
   57     11.6162       11.5998         12.1490      0.002       0.116
   58     11.5998       11.5998         12.1745      0.002       0.118
   59     11.5998       11.5998         12.1728      0.002       0.120
   60     11.5998       11.5998         12.1973      0.002       0.121
   61     11.5998       11.5998         12.2169      0.002       0.123
   62     11.5998       11.5998         12.1961      0.002       0.125
   63     11.5962       11.5962         12.1892      0.002       0.127
   64     11.5998       11.5962         12.2072      0.002       0.129
   65     11.5962       11.5962         12.2167      0.002       0.131
   66     11.5962       11.5962         12.2356      0.002       0.133
   67     11.5962       11.5962         12.2120      0.002       0.135
   68     11.5962       11.5962         12.2701      0.002       0.137
   69     11.5962       11.5962         12.2355      0.002       0.139
   70     11.5962       11.5962         12.2603      0.002       0.141
   71     11.5962       11.5962         12.2541      0.002       0.143
   72     11.6059       11.5962         12.2850      0.002       0.145
   73     11.5962       11.5962         12.2610      0.002       0.147
   74     11.5962       11.5962         12.2605      0.002       0.149
   75     11.5962       11.5962         12.3125      0.002       0.151
   76     11.5962       11.5962         12.2895      0.002       0.153
   77     11.5962       11.5962         12.2946      0.002       0.155
   78     11.5962       11.5962         12.2990      0.002       0.157
   79     11.5962       11.5962         12.2968      0.002       0.159
   80     11.5962       11.5962         12.2816      0.002       0.161
   81     11.5962       11.5962         12.3272      0.002       0.163
   82     11.5962       11.5962         12.2904      0.002       0.165
   83     11.5962       11.5962         12.2874      0.002       0.166
   84     11.5962       11.5962         12.3171      0.002       0.168
   85     11.5962       11.5962         12.3143      0.002       0.170
   86     11.5962       11.5962         12.2957      0.002       0.172
   87     11.5962       11.5962         12.2795      0.002       0.174
   88     11.5962       11.5962         12.2946      0.002       0.176
   89     11.5962       11.5962         12.3321      0.002       0.178
   90     11.5962       11.5962         12.2905      0.002       0.180
   91     11.5962       11.5962         12.2803      0.002       0.182
   92     11.5962       11.5962         12.3120      0.002       0.184
   93     11.5962       11.5962         12.2817      0.002       0.186
   94     11.5962       11.5962         12.2796      0.002       0.188
   95     11.5962       11.5962         12.2888      0.002       0.190
   96     11.5962       11.5962         12.2801      0.002       0.192
   97     11.5962       11.5962         12.2897      0.002       0.194
   98     11.5962       11.5962         12.2654      0.002       0.196
   99     11.5962       11.5962         12.2886      0.002       0.198
  100     11.5962       11.5962         12.3047      0.002       0.200
# ---- resumen ----
n=200 m=500 iters=100 tour_valido=SI L_mejor=11.59625 (verificado 11.59625) L_nn=14.03360 mejora_vs_nn=17.37%
unidades_originales: factor_escala=0.996455 L_mejor=11.55514 L_nn=13.98385
tiempo: preparacion=0.003 s  ACO=0.200 s  total=0.203 s  (0.0020 s/iter)
memoria: pico RSS=4.6 MB (tras KNN 4.5 MB) | matrices densas D+T serian 0.000 GB
CSV,200,500,8,1,100,11.596247,14.033602,0.003,0.200,4.6
