# n=20000 m=50 K=8 alpha=1.50 beta=5.00 rho=0.10 two=1 alpha2=1.00 hilos=12 semilla=2
# preparacion (puntos+rejilla+KNN): 0.108 s | L_nn=125.9370
# iter  mejor_iter  mejor_global  media_hormigas  t_iter(s)  t_total(s)
    1    133.6926      133.6926        134.4632      0.024       0.024
    2    127.1881      127.1881        129.1525      0.024       0.048
    3    126.1432      126.1432        127.2735      0.022       0.070
    4    124.4604      124.4604        126.3456      0.023       0.093
    5    124.0433      124.0433        125.8402      0.022       0.115
    6    124.2563      124.0433        125.6226      0.022       0.137
    7    124.0034      124.0034        125.5219      0.022       0.160
    8    123.8270      123.8270        125.2414      0.021       0.181
    9    123.9349      123.8270        125.2754      0.023       0.204
   10    123.4398      123.4398        125.1174      0.021       0.224
   11    123.3357      123.3357        125.0291      0.021       0.245
   12    123.2064      123.2064        124.9809      0.021       0.266
   13    123.6364      123.2064        124.9965      0.021       0.287
   14    123.5996      123.2064        124.8182      0.023       0.310
   15    123.2385      123.2064        124.8552      0.022       0.332
   16    123.0502      123.0502        124.9633      0.022       0.354
   17    123.5860      123.0502        124.9597      0.022       0.376
   18    123.1747      123.0502        124.7356      0.022       0.398
   19    123.6985      123.0502        124.6856      0.022       0.420
   20    123.3953      123.0502        124.8357      0.022       0.441
   21    123.4544      123.0502        124.7738      0.022       0.463
   22    123.1454      123.0502        124.7098      0.020       0.484
   23    123.4425      123.0502        124.7049      0.021       0.505
   24    122.8998      122.8998        124.6797      0.021       0.526
   25    123.0118      122.8998        124.6703      0.021       0.547
   26    123.4368      122.8998        124.7766      0.021       0.568
   27    123.5663      122.8998        124.7107      0.021       0.590
   28    122.5777      122.5777        124.5845      0.020       0.610
   29    123.3293      122.5777        124.7771      0.020       0.630
   30    123.1545      122.5777        124.8237      0.020       0.650
   31    123.2992      122.5777        124.6888      0.021       0.671
   32    123.4789      122.5777        124.8051      0.021       0.691
   33    123.7102      122.5777        124.8157      0.021       0.712
   34    123.0262      122.5777        124.6397      0.021       0.733
   35    123.3036      122.5777        124.6822      0.022       0.755
   36    123.2043      122.5777        124.7941      0.022       0.777
   37    123.4071      122.5777        124.7257      0.022       0.798
   38    123.7679      122.5777        124.7174      0.023       0.822
   39    123.2854      122.5777        124.7356      0.023       0.845
   40    123.5744      122.5777        124.8831      0.023       0.868
   41    123.3637      122.5777        124.7012      0.022       0.890
   42    123.5068      122.5777        124.6282      0.021       0.912
   43    123.3472      122.5777        124.7196      0.021       0.933
   44    122.8108      122.5777        124.8761      0.021       0.954
   45    123.3167      122.5777        124.5960      0.022       0.976
   46    122.8696      122.5777        124.6114      0.022       0.998
   47    123.4296      122.5777        124.8600      0.022       1.020
   48    123.0734      122.5777        124.4348      0.023       1.043
   49    122.6094      122.5777        124.3748      0.023       1.065
   50    123.0238      122.5777        124.5606      0.021       1.086
   51    123.4835      122.5777        124.5348      0.021       1.107
   52    123.2445      122.5777        124.4675      0.021       1.128
   53    122.9247      122.5777        124.5556      0.021       1.149
   54    123.3604      122.5777        124.4547      0.022       1.171
   55    123.1689      122.5777        124.5227      0.022       1.193
   56    122.9603      122.5777        124.5964      0.021       1.214
   57    123.2043      122.5777        124.4115      0.021       1.235
   58    123.0205      122.5777        124.4347      0.020       1.255
   59    123.0661      122.5777        124.3553      0.021       1.276
   60    123.2006      122.5777        124.5283      0.021       1.297
   61    123.3235      122.5777        124.3979      0.021       1.317
   62    122.7097      122.5777        124.3305      0.021       1.338
   63    123.2063      122.5777        124.5066      0.021       1.359
   64    123.3745      122.5777        124.5671      0.020       1.379
   65    122.9469      122.5777        124.3369      0.021       1.400
   66    122.7877      122.5777        124.3218      0.021       1.421
   67    122.8471      122.5777        124.3758      0.020       1.441
   68    122.4972      122.4972        124.2453      0.021       1.461
   69    122.3750      122.3750        124.2531      0.021       1.482
   70    123.2878      122.3750        124.3242      0.020       1.503
   71    122.8335      122.3750        124.3423      0.021       1.524
   72    122.6009      122.3750        124.2266      0.021       1.544
   73    122.4500      122.3750        124.4362      0.021       1.565
   74    122.6672      122.3750        124.3471      0.021       1.586
   75    122.5139      122.3750        124.2932      0.021       1.607
   76    123.1110      122.3750        124.4469      0.021       1.628
   77    122.6165      122.3750        124.3496      0.021       1.649
   78    122.6547      122.3750        124.2742      0.025       1.674
   79    122.7960      122.3750        124.2626      0.024       1.698
   80    122.5913      122.3750        124.2078      0.023       1.721
   81    122.3824      122.3750        124.1867      0.023       1.744
   82    122.4863      122.3750        124.3598      0.022       1.765
   83    122.4007      122.3750        124.2667      0.020       1.785
   84    122.6794      122.3750        124.1979      0.021       1.806
   85    122.7364      122.3750        124.3521      0.022       1.828
   86    122.4697      122.3750        124.3678      0.025       1.854
   87    122.5232      122.3750        124.2071      0.022       1.876
   88    122.4901      122.3750        124.3679      0.022       1.897
   89    122.6547      122.3750        124.4228      0.021       1.918
   90    122.6129      122.3750        124.4390      0.020       1.939
   91    122.6497      122.3750        124.1529      0.020       1.959
   92    122.3037      122.3037        124.2830      0.022       1.981
   93    122.4193      122.3037        124.2785      0.021       2.002
   94    122.7355      122.3037        124.5327      0.021       2.023
   95    122.4958      122.3037        124.5200      0.022       2.045
   96    122.9448      122.3037        124.4225      0.022       2.067
   97    122.8219      122.3037        124.5239      0.022       2.090
   98    122.5272      122.3037        124.3305      0.022       2.112
   99    122.7381      122.3037        124.3056      0.021       2.133
  100    122.7615      122.3037        124.4399      0.021       2.154
# ---- resumen ----
n=20000 m=50 iters=100 tour_valido=SI L_mejor=122.30365 (verificado 122.30365) L_nn=125.93695 mejora_vs_nn=2.89%
unidades_originales: factor_escala=0.999961 L_mejor=122.29887 L_nn=125.93203
tiempo: preparacion=0.108 s  ACO=2.154 s  total=2.272 s  (0.0215 s/iter)
memoria: pico RSS=14.3 MB (tras KNN 6.3 MB) | matrices densas D+T serian 3.200 GB
CSV,20000,50,8,1,100,122.303655,125.936952,0.108,2.154,14.3
