# n=20000 m=2048 K=8 alpha=1.50 beta=5.00 rho=0.10 two=1 alpha2=1.00 hilos=12 semilla=1
# preparacion (puntos+rejilla+KNN): 0.079 s | L_nn=123.7704
# iter  mejor_iter  mejor_global  media_hormigas  t_iter(s)  t_total(s)
    1    132.1734      132.1734        134.1639      0.848       0.848
    2    126.5391      126.5391        128.5272      0.811       1.660
    3    124.2989      124.2989        126.5508      0.800       2.460
    4    123.3533      123.3533        125.6019      0.772       3.233
    5    123.0547      123.0547        125.0411      0.762       3.994
    6    122.7939      122.7939        124.7097      0.844       4.838
    7    122.3633      122.3633        124.4510      0.767       5.605
    8    121.7415      121.7415        124.2667      0.734       6.339
    9    121.5575      121.5575        124.0918      0.843       7.183
   10    122.2129      121.5575        124.0095      0.817       7.999
   11    121.8220      121.5575        123.9444      0.729       8.729
   12    121.9052      121.5575        123.9003      0.721       9.450
   13    121.8823      121.5575        123.8911      0.753      10.204
   14    121.9125      121.5575        123.8161      0.830      11.033
   15    122.0147      121.5575        123.8075      0.779      11.812
   16    121.9890      121.5575        123.7935      0.734      12.546
   17    121.7557      121.5575        123.7858      0.785      13.331
   18    121.5610      121.5575        123.7814      0.820      14.151
   19    121.9655      121.5575        123.7753      0.776      14.926
   20    121.5863      121.5575        123.7653      0.721      15.648
   21    121.6977      121.5575        123.7918      0.733      16.381
   22    121.6855      121.5575        123.7510      0.725      17.106
   23    122.0120      121.5575        123.7483      0.711      17.818
   24    121.8810      121.5575        123.7628      0.725      18.543
   25    121.7525      121.5575        123.7418      0.719      19.263
   26    121.9727      121.5575        123.7588      0.724      19.987
   27    122.0292      121.5575        123.7170      0.709      20.696
   28    121.7098      121.5575        123.7573      0.729      21.425
   29    121.6800      121.5575        123.7337      0.721      22.147
   30    121.9616      121.5575        123.7545      0.722      22.868
   31    121.8423      121.5575        123.7384      0.709      23.578
   32    121.8506      121.5575        123.7371      0.779      24.356
   33    121.8651      121.5575        123.7339      0.747      25.103
   34    121.7316      121.5575        123.7715      0.732      25.836
   35    122.0949      121.5575        123.7365      0.726      26.562
   36    121.9063      121.5575        123.7476      0.714      27.276
   37    121.7894      121.5575        123.7605      0.723      27.999
   38    121.6474      121.5575        123.7524      0.714      28.713
   39    121.8772      121.5575        123.7573      0.726      29.439
   40    121.7965      121.5575        123.7889      0.712      30.152
   41    121.6802      121.5575        123.7869      0.715      30.866
   42    121.9733      121.5575        123.7819      0.719      31.586
   43    121.7285      121.5575        123.7951      0.724      32.309
   44    121.9198      121.5575        123.8091      0.719      33.028
   45    121.3267      121.3267        123.8083      0.748      33.776
   46    121.8148      121.3267        123.8498      0.735      34.511
   47    121.7967      121.3267        123.8415      0.722      35.233
   48    121.9435      121.3267        123.8358      0.724      35.957
   49    121.9695      121.3267        123.8336      0.724      36.681
   50    121.8977      121.3267        123.8639      0.716      37.397
   51    121.9362      121.3267        123.8302      0.720      38.117
   52    121.9032      121.3267        123.8346      0.715      38.832
   53    121.9581      121.3267        123.8355      0.724      39.556
   54    122.0214      121.3267        123.7960      0.711      40.267
   55    121.9889      121.3267        123.8140      0.717      40.984
   56    121.5182      121.3267        123.8086      0.719      41.703
   57    121.5965      121.3267        123.8196      0.703      42.406
   58    121.9444      121.3267        123.8021      0.712      43.118
   59    121.5935      121.3267        123.8117      0.711      43.829
   60    121.7038      121.3267        123.7710      0.722      44.551
   61    121.9657      121.3267        123.7663      0.733      45.284
   62    121.7798      121.3267        123.7944      0.718      46.002
   63    121.9917      121.3267        123.7604      0.723      46.725
   64    121.8479      121.3267        123.7395      0.716      47.441
   65    121.6591      121.3267        123.7309      0.714      48.155
   66    121.7976      121.3267        123.7511      0.717      48.872
   67    121.7936      121.3267        123.7039      0.731      49.602
   68    121.6864      121.3267        123.6696      0.710      50.312
   69    121.7286      121.3267        123.6769      0.704      51.016
   70    121.8493      121.3267        123.6753      0.717      51.733
   71    121.4709      121.3267        123.6396      0.706      52.439
   72    121.3446      121.3267        123.6601      0.711      53.150
   73    121.5430      121.3267        123.6517      0.709      53.859
   74    121.5215      121.3267        123.6499      0.706      54.565
   75    121.3080      121.3080        123.6797      0.719      55.284
   76    121.4477      121.3080        123.6481      0.714      55.998
   77    121.1671      121.1671        123.6109      0.721      56.719
   78    121.4312      121.1671        123.6397      0.710      57.429
   79    121.3104      121.1671        123.6544      0.715      58.144
   80    121.3740      121.1671        123.6224      0.714      58.858
   81    121.4206      121.1671        123.6256      0.746      59.604
   82    121.0023      121.0023        123.6322      0.723      60.327
   83    121.2862      121.0023        123.6094      0.719      61.047
   84    121.1845      121.0023        123.5966      0.723      61.770
   85    121.0019      121.0019        123.5935      0.716      62.485
   86    121.1353      121.0019        123.5955      0.715      63.201
   87    121.2996      121.0019        123.6231      0.718      63.918
   88    121.4653      121.0019        123.6455      0.729      64.647
   89    121.2450      121.0019        123.6490      0.795      65.443
   90    121.1925      121.0019        123.6153      0.761      66.204
   91    121.3605      121.0019        123.6449      0.718      66.922
   92    121.2947      121.0019        123.6344      0.732      67.654
   93    121.3938      121.0019        123.6418      0.715      68.369
   94    121.0090      121.0019        123.6661      0.720      69.090
   95    121.0343      121.0019        123.6603      0.757      69.846
   96    121.2982      121.0019        123.6567      0.715      70.561
   97    121.1525      121.0019        123.6520      0.719      71.280
   98    121.3610      121.0019        123.6313      0.735      72.014
   99    121.1624      121.0019        123.6659      0.773      72.788
  100    120.9546      120.9546        123.6742      0.734      73.521
# ---- resumen ----
n=20000 m=2048 iters=100 tour_valido=SI L_mejor=120.95461 (verificado 120.95461) L_nn=123.77037 mejora_vs_nn=2.27%
unidades_originales: factor_escala=0.999955 L_mejor=120.94916 L_nn=123.76479
tiempo: preparacion=0.079 s  ACO=73.521 s  total=73.608 s  (0.7352 s/iter)
memoria: pico RSS=14.3 MB (tras KNN 6.3 MB) | matrices densas D+T serian 3.200 GB
CSV,20000,2048,8,1,100,120.954607,123.770366,0.079,73.521,14.3
