# n=2000 m=2048 K=8 alpha=1.50 beta=5.00 rho=0.10 two=1 alpha2=1.00 hilos=12 semilla=3
# preparacion (puntos+rejilla+KNN): 0.008 s | L_nn=41.5577
# iter  mejor_iter  mejor_global  media_hormigas  t_iter(s)  t_total(s)
    1     41.6464       41.6464         43.6374      0.067       0.067
    2     39.7516       39.7516         41.6838      0.068       0.135
    3     39.1204       39.1204         41.0284      0.068       0.203
    4     38.5464       38.5464         40.6781      0.069       0.272
    5     38.9300       38.5464         40.5631      0.068       0.341
    6     38.8053       38.5464         40.4959      0.067       0.408
    7     38.6552       38.5464         40.4262      0.067       0.475
    8     38.8639       38.5464         40.3780      0.066       0.541
    9     38.6790       38.5464         40.3583      0.067       0.608
   10     38.0193       38.0193         40.3345      0.068       0.676
   11     38.4950       38.0193         40.2883      0.067       0.743
   12     38.6113       38.0193         40.2655      0.068       0.811
   13     38.4535       38.0193         40.2070      0.067       0.878
   14     38.2758       38.0193         40.1911      0.067       0.945
   15     38.6637       38.0193         40.1512      0.067       1.012
   16     38.3130       38.0193         40.1222      0.067       1.079
   17     38.5583       38.0193         40.0745      0.067       1.146
   18     38.3278       38.0193         40.0333      0.066       1.212
   19     38.3269       38.0193         39.9695      0.065       1.278
   20     38.3218       38.0193         39.9476      0.069       1.347
   21     38.0304       38.0193         39.8949      0.066       1.413
   22     38.2263       38.0193         39.8688      0.066       1.479
   23     38.2470       38.0193         39.8210      0.066       1.545
   24     38.0410       38.0193         39.8083      0.067       1.612
   25     38.0729       38.0193         39.7769      0.066       1.678
   26     37.8278       37.8278         39.7496      0.067       1.744
   27     38.1312       37.8278         39.7322      0.066       1.810
   28     38.1464       37.8278         39.7167      0.066       1.877
   29     37.9188       37.8278         39.6709      0.066       1.942
   30     37.9183       37.8278         39.6437      0.067       2.010
   31     37.9223       37.8278         39.6336      0.065       2.075
   32     37.9330       37.8278         39.6011      0.067       2.142
   33     37.8847       37.8278         39.5650      0.065       2.207
   34     37.8927       37.8278         39.5035      0.065       2.272
   35     37.9923       37.8278         39.4912      0.066       2.338
   36     37.8234       37.8234         39.4675      0.101       2.439
   37     37.7989       37.7989         39.4329      0.103       2.542
   38     37.8080       37.7989         39.3883      0.082       2.624
   39     37.8222       37.7989         39.3806      0.069       2.692
   40     37.7975       37.7975         39.3415      0.066       2.758
   41     37.8057       37.7975         39.3531      0.065       2.823
   42     37.8028       37.7975         39.3588      0.065       2.888
   43     37.8021       37.7975         39.3151      0.065       2.953
   44     37.8062       37.7975         39.3433      0.066       3.019
   45     37.7864       37.7864         39.3174      0.064       3.082
   46     37.7864       37.7864         39.3296      0.068       3.150
   47     37.7975       37.7864         39.3285      0.068       3.218
   48     37.7864       37.7864         39.3194      0.065       3.283
   49     37.7790       37.7790         39.3160      0.066       3.349
   50     37.7681       37.7681         39.3146      0.066       3.415
   51     37.7425       37.7425         39.3144      0.066       3.481
   52     37.7512       37.7425         39.3267      0.065       3.546
   53     37.8188       37.7425         39.3243      0.065       3.611
   54     37.7321       37.7321         39.2848      0.066       3.678
   55     37.7512       37.7321         39.3333      0.065       3.743
   56     37.7975       37.7321         39.3301      0.067       3.810
   57     37.7425       37.7321         39.3024      0.067       3.877
   58     37.7425       37.7321         39.3156      0.066       3.943
   59     37.7425       37.7321         39.3099      0.065       4.007
   60     37.8417       37.7321         39.3171      0.066       4.073
   61     37.7425       37.7321         39.3428      0.067       4.140
   62     37.7233       37.7233         39.3223      0.065       4.205
   63     37.7425       37.7233         39.3194      0.067       4.271
   64     37.7425       37.7233         39.3229      0.065       4.336
   65     37.6590       37.6590         39.3239      0.065       4.401
   66     37.7543       37.6590         39.2858      0.066       4.467
   67     37.7009       37.6590         39.2767      0.065       4.533
   68     37.7475       37.6590         39.3014      0.067       4.600
   69     37.7475       37.6590         39.3128      0.065       4.664
   70     37.7233       37.6590         39.2971      0.065       4.729
   71     37.7425       37.6590         39.2752      0.067       4.797
   72     37.6792       37.6590         39.2941      0.064       4.861
   73     37.6629       37.6590         39.3010      0.066       4.926
   74     37.6629       37.6590         39.3057      0.067       4.993
   75     37.7231       37.6590         39.2723      0.064       5.058
   76     37.6613       37.6590         39.2880      0.065       5.123
   77     37.7231       37.6590         39.2902      0.066       5.189
   78     37.6804       37.6590         39.3033      0.066       5.255
   79     37.7231       37.6590         39.2726      0.067       5.322
   80     37.6629       37.6590         39.2666      0.066       5.389
   81     37.7247       37.6590         39.2666      0.065       5.453
   82     37.6792       37.6590         39.2789      0.065       5.519
   83     37.7279       37.6590         39.2779      0.066       5.585
   84     37.6629       37.6590         39.2728      0.065       5.650
   85     37.6629       37.6590         39.2651      0.066       5.716
   86     37.6629       37.6590         39.2550      0.066       5.782
   87     37.6629       37.6590         39.2440      0.065       5.847
   88     37.6590       37.6590         39.2368      0.066       5.912
   89     37.6629       37.6590         39.2242      0.066       5.978
   90     37.7158       37.6590         39.1913      0.066       6.044
   91     37.7016       37.6590         39.1886      0.066       6.110
   92     37.6629       37.6590         39.1732      0.066       6.176
   93     37.6590       37.6590         39.1298      0.066       6.243
   94     37.6629       37.6590         39.1431      0.066       6.308
   95     37.6590       37.6590         39.1334      0.069       6.377
   96     37.6590       37.6590         39.1205      0.070       6.447
   97     37.6629       37.6590         39.1173      0.065       6.513
   98     37.6590       37.6590         39.0929      0.068       6.580
   99     37.6590       37.6590         39.1048      0.066       6.646
  100     37.6590       37.6590         39.1101      0.065       6.711
# ---- resumen ----
n=2000 m=2048 iters=100 tour_valido=SI L_mejor=37.65897 (verificado 37.65897) L_nn=41.55774 mejora_vs_nn=9.38%
unidades_originales: factor_escala=0.999422 L_mejor=37.63720 L_nn=41.53371
tiempo: preparacion=0.008 s  ACO=6.711 s  total=6.720 s  (0.0671 s/iter)
memoria: pico RSS=5.6 MB (tras KNN 4.7 MB) | matrices densas D+T serian 0.032 GB
CSV,2000,2048,8,1,100,37.658974,41.557739,0.008,6.711,5.6
