# n=200 m=2048 K=8 alpha=1.50 beta=5.00 rho=0.10 two=1 alpha2=1.00 hilos=12 semilla=3
# preparacion (puntos+rejilla+KNN): 0.003 s | L_nn=14.5673
# iter  mejor_iter  mejor_global  media_hormigas  t_iter(s)  t_total(s)
    1     12.7564       12.7564         14.6164      0.007       0.007
    2     12.3243       12.3243         13.7929      0.007       0.014
    3     12.0961       12.0961         13.4772      0.008       0.022
    4     11.8776       11.8776         13.1671      0.007       0.029
    5     11.6656       11.6656         12.8794      0.007       0.036
    6     11.5892       11.5892         12.7914      0.007       0.043
    7     11.3945       11.3945         12.7114      0.007       0.050
    8     11.4901       11.3945         12.6673      0.007       0.057
    9     11.4170       11.3945         12.6754      0.007       0.063
   10     11.4272       11.3945         12.6839      0.007       0.070
   11     11.4226       11.3945         12.6749      0.006       0.077
   12     11.3599       11.3599         12.6620      0.007       0.083
   13     11.3945       11.3599         12.6339      0.007       0.090
   14     11.3599       11.3599         12.6036      0.006       0.097
   15     11.3599       11.3599         12.6109      0.007       0.104
   16     11.3473       11.3473         12.5918      0.006       0.110
   17     11.3497       11.3473         12.5635      0.006       0.116
   18     11.3473       11.3473         12.5770      0.007       0.123
   19     11.3473       11.3473         12.5831      0.006       0.129
   20     11.3473       11.3473         12.5776      0.006       0.136
   21     11.3372       11.3372         12.5865      0.006       0.142
   22     11.3372       11.3372         12.6031      0.006       0.149
   23     11.3372       11.3372         12.5978      0.006       0.155
   24     11.3473       11.3372         12.6158      0.006       0.161
   25     11.3372       11.3372         12.5740      0.006       0.168
   26     11.3372       11.3372         12.5775      0.006       0.174
   27     11.3372       11.3372         12.5831      0.006       0.180
   28     11.3372       11.3372         12.5833      0.007       0.187
   29     11.3372       11.3372         12.5731      0.006       0.193
   30     11.3372       11.3372         12.5728      0.006       0.200
   31     11.3372       11.3372         12.5843      0.007       0.207
   32     11.3372       11.3372         12.5905      0.006       0.213
   33     11.3372       11.3372         12.5928      0.007       0.220
   34     11.3261       11.3261         12.5696      0.006       0.226
   35     11.3372       11.3261         12.5903      0.007       0.233
   36     11.3363       11.3261         12.5671      0.006       0.239
   37     11.3261       11.3261         12.5628      0.006       0.245
   38     11.3372       11.3261         12.5613      0.006       0.251
   39     11.3261       11.3261         12.5401      0.006       0.258
   40     11.3372       11.3261         12.5476      0.007       0.264
   41     11.3372       11.3261         12.5399      0.006       0.270
   42     11.3372       11.3261         12.5292      0.006       0.277
   43     11.3261       11.3261         12.5369      0.006       0.283
   44     11.3372       11.3261         12.5160      0.006       0.289
   45     11.3261       11.3261         12.5279      0.006       0.296
   46     11.3261       11.3261         12.5335      0.007       0.302
   47     11.3261       11.3261         12.5220      0.007       0.309
   48     11.3261       11.3261         12.5124      0.007       0.316
   49     11.3261       11.3261         12.5162      0.006       0.322
   50     11.3261       11.3261         12.5408      0.007       0.329
   51     11.3261       11.3261         12.5205      0.006       0.335
   52     11.3261       11.3261         12.5020      0.007       0.342
   53     11.3261       11.3261         12.4774      0.006       0.348
   54     11.3261       11.3261         12.4451      0.007       0.355
   55     11.3261       11.3261         12.4397      0.007       0.362
   56     11.3261       11.3261         12.4180      0.006       0.368
   57     11.3261       11.3261         12.4211      0.006       0.374
   58     11.3261       11.3261         12.4216      0.006       0.380
   59     11.3261       11.3261         12.4207      0.006       0.386
   60     11.3261       11.3261         12.4133      0.006       0.393
   61     11.3261       11.3261         12.4042      0.006       0.399
   62     11.3261       11.3261         12.4411      0.007       0.406
   63     11.3261       11.3261         12.4385      0.006       0.412
   64     11.3261       11.3261         12.4111      0.007       0.419
   65     11.3261       11.3261         12.4073      0.006       0.425
   66     11.3261       11.3261         12.4239      0.006       0.431
   67     11.3261       11.3261         12.4353      0.006       0.438
   68     11.3261       11.3261         12.4273      0.006       0.444
   69     11.3261       11.3261         12.4220      0.006       0.450
   70     11.3261       11.3261         12.4289      0.006       0.456
   71     11.3261       11.3261         12.4334      0.006       0.462
   72     11.3261       11.3261         12.4036      0.006       0.468
   73     11.3261       11.3261         12.4026      0.006       0.474
   74     11.3261       11.3261         12.4117      0.006       0.480
   75     11.3261       11.3261         12.4272      0.006       0.487
   76     11.3261       11.3261         12.4138      0.006       0.493
   77     11.3261       11.3261         12.4391      0.006       0.498
   78     11.3261       11.3261         12.4006      0.006       0.504
   79     11.3261       11.3261         12.4297      0.006       0.510
   80     11.3261       11.3261         12.4245      0.006       0.516
   81     11.3261       11.3261         12.4186      0.006       0.523
   82     11.3261       11.3261         12.4202      0.006       0.529
   83     11.3261       11.3261         12.4228      0.006       0.536
   84     11.3261       11.3261         12.4186      0.006       0.542
   85     11.3261       11.3261         12.4271      0.006       0.548
   86     11.3261       11.3261         12.4488      0.006       0.554
   87     11.3261       11.3261         12.4496      0.006       0.560
   88     11.3261       11.3261         12.4295      0.006       0.566
   89     11.3261       11.3261         12.4215      0.006       0.572
   90     11.3261       11.3261         12.4163      0.006       0.578
   91     11.3261       11.3261         12.4437      0.006       0.584
   92     11.3261       11.3261         12.4296      0.006       0.591
   93     11.3261       11.3261         12.4280      0.006       0.597
   94     11.3261       11.3261         12.4091      0.006       0.603
   95     11.3261       11.3261         12.4407      0.007       0.609
   96     11.3261       11.3261         12.4360      0.007       0.616
   97     11.3261       11.3261         12.4118      0.007       0.623
   98     11.3261       11.3261         12.4472      0.006       0.629
   99     11.3261       11.3261         12.4257      0.007       0.636
  100     11.3261       11.3261         12.4524      0.006       0.642
# ---- resumen ----
n=200 m=2048 iters=100 tour_valido=SI L_mejor=11.32610 (verificado 11.32610) L_nn=14.56735 mejora_vs_nn=22.25%
unidades_originales: factor_escala=0.998083 L_mejor=11.30439 L_nn=14.53942
tiempo: preparacion=0.003 s  ACO=0.642 s  total=0.645 s  (0.0064 s/iter)
memoria: pico RSS=4.6 MB (tras KNN 4.5 MB) | matrices densas D+T serian 0.000 GB
CSV,200,2048,8,1,100,11.326101,14.567346,0.003,0.642,4.6
