# n=200 m=2048 K=8 alpha=1.50 beta=5.00 rho=0.10 two=1 alpha2=1.00 hilos=12 semilla=1
# preparacion (puntos+rejilla+KNN): 0.003 s | L_nn=14.0336
# iter  mejor_iter  mejor_global  media_hormigas  t_iter(s)  t_total(s)
    1     12.6372       12.6372         14.3106      0.007       0.007
    2     12.2579       12.2579         13.7907      0.007       0.013
    3     11.9609       11.9609         13.6073      0.007       0.020
    4     11.8612       11.8612         13.4817      0.007       0.027
    5     11.8857       11.8612         13.4133      0.007       0.034
    6     11.7305       11.7305         13.3702      0.007       0.041
    7     11.5944       11.5944         13.3262      0.007       0.048
    8     11.6679       11.5944         13.2723      0.007       0.055
    9     11.5430       11.5430         13.2571      0.007       0.062
   10     11.4511       11.4511         13.1812      0.007       0.069
   11     11.4511       11.4511         13.1899      0.007       0.076
   12     11.4481       11.4481         13.1834      0.007       0.082
   13     11.4511       11.4481         13.1913      0.006       0.089
   14     11.4481       11.4481         13.1744      0.007       0.096
   15     11.4481       11.4481         13.2371      0.007       0.103
   16     11.4481       11.4481         13.2179      0.006       0.109
   17     11.3185       11.3185         13.2190      0.006       0.116
   18     11.3998       11.3185         13.2346      0.006       0.122
   19     11.4481       11.3185         13.2306      0.007       0.129
   20     11.4481       11.3185         13.2067      0.007       0.136
   21     11.4481       11.3185         13.2006      0.006       0.142
   22     11.3185       11.3185         13.1534      0.007       0.149
   23     11.3185       11.3185         13.1670      0.007       0.156
   24     11.3185       11.3185         13.1622      0.007       0.162
   25     11.3154       11.3154         13.1368      0.006       0.168
   26     11.4481       11.3154         13.1058      0.006       0.175
   27     11.4481       11.3154         13.1346      0.006       0.181
   28     11.4104       11.3154         13.1135      0.007       0.188
   29     11.4454       11.3154         13.0937      0.007       0.195
   30     11.3185       11.3154         13.1094      0.006       0.202
   31     11.4481       11.3154         13.1146      0.006       0.208
   32     11.3154       11.3154         13.1324      0.007       0.215
   33     11.4481       11.3154         13.1070      0.007       0.221
   34     11.3154       11.3154         13.0964      0.007       0.228
   35     11.3154       11.3154         13.0784      0.007       0.235
   36     11.3154       11.3154         13.0715      0.007       0.242
   37     11.3154       11.3154         13.0733      0.007       0.249
   38     11.3154       11.3154         13.0800      0.007       0.256
   39     11.3154       11.3154         13.0742      0.008       0.264
   40     11.3154       11.3154         13.0663      0.007       0.271
   41     11.3154       11.3154         13.0376      0.007       0.278
   42     11.3154       11.3154         13.0790      0.007       0.285
   43     11.3154       11.3154         13.0444      0.007       0.291
   44     11.3154       11.3154         13.0236      0.007       0.298
   45     11.3154       11.3154         12.9903      0.006       0.305
   46     11.3154       11.3154         13.0202      0.006       0.311
   47     11.3154       11.3154         12.9743      0.007       0.318
   48     11.3154       11.3154         12.9866      0.006       0.324
   49     11.3154       11.3154         12.9715      0.007       0.331
   50     11.3154       11.3154         12.9591      0.006       0.337
   51     11.3154       11.3154         12.9182      0.006       0.343
   52     11.3154       11.3154         12.9153      0.006       0.350
   53     11.3154       11.3154         12.8866      0.006       0.356
   54     11.3154       11.3154         12.8855      0.007       0.363
   55     11.3154       11.3154         12.8546      0.006       0.369
   56     11.3154       11.3154         12.8668      0.006       0.375
   57     11.3154       11.3154         12.8634      0.007       0.382
   58     11.3154       11.3154         12.8407      0.006       0.388
   59     11.3154       11.3154         12.8643      0.007       0.395
   60     11.3154       11.3154         12.8462      0.006       0.401
   61     11.3154       11.3154         12.8200      0.006       0.407
   62     11.3154       11.3154         12.8032      0.006       0.414
   63     11.3154       11.3154         12.8310      0.006       0.420
   64     11.3154       11.3154         12.8180      0.006       0.426
   65     11.3154       11.3154         12.8041      0.006       0.433
   66     11.3154       11.3154         12.8192      0.006       0.439
   67     11.3154       11.3154         12.8184      0.006       0.446
   68     11.3154       11.3154         12.7952      0.006       0.452
   69     11.3154       11.3154         12.7947      0.006       0.458
   70     11.3154       11.3154         12.8100      0.006       0.464
   71     11.3154       11.3154         12.8255      0.006       0.471
   72     11.3154       11.3154         12.7953      0.007       0.478
   73     11.3154       11.3154         12.7975      0.006       0.484
   74     11.3154       11.3154         12.7995      0.006       0.490
   75     11.3154       11.3154         12.8205      0.006       0.496
   76     11.3154       11.3154         12.8054      0.007       0.503
   77     11.3154       11.3154         12.7947      0.006       0.509
   78     11.3154       11.3154         12.7850      0.006       0.516
   79     11.3154       11.3154         12.8165      0.006       0.522
   80     11.3154       11.3154         12.7884      0.006       0.528
   81     11.3154       11.3154         12.8055      0.006       0.534
   82     11.3154       11.3154         12.8026      0.006       0.541
   83     11.3154       11.3154         12.8128      0.006       0.547
   84     11.3154       11.3154         12.8036      0.006       0.553
   85     11.3154       11.3154         12.8269      0.006       0.560
   86     11.3154       11.3154         12.7993      0.006       0.566
   87     11.3154       11.3154         12.8285      0.006       0.572
   88     11.3154       11.3154         12.7713      0.007       0.579
   89     11.3154       11.3154         12.7915      0.006       0.585
   90     11.3154       11.3154         12.7974      0.006       0.591
   91     11.3154       11.3154         12.8045      0.007       0.598
   92     11.3154       11.3154         12.7952      0.006       0.604
   93     11.3154       11.3154         12.7945      0.006       0.610
   94     11.3154       11.3154         12.7834      0.006       0.616
   95     11.3154       11.3154         12.8041      0.006       0.622
   96     11.3154       11.3154         12.8150      0.007       0.629
   97     11.3154       11.3154         12.8391      0.006       0.635
   98     11.3154       11.3154         12.8282      0.006       0.642
   99     11.3154       11.3154         12.8028      0.006       0.648
  100     11.3154       11.3154         12.8046      0.006       0.654
# ---- resumen ----
n=200 m=2048 iters=100 tour_valido=SI L_mejor=11.31542 (verificado 11.31542) L_nn=14.03360 mejora_vs_nn=19.37%
unidades_originales: factor_escala=0.996455 L_mejor=11.27530 L_nn=13.98385
tiempo: preparacion=0.003 s  ACO=0.654 s  total=0.657 s  (0.0065 s/iter)
memoria: pico RSS=4.6 MB (tras KNN 4.5 MB) | matrices densas D+T serian 0.000 GB
CSV,200,2048,8,1,100,11.315417,14.033602,0.003,0.654,4.6
