# n=20000 m=50 K=8 alpha=1.50 beta=5.00 rho=0.10 two=1 alpha2=1.00 hilos=12 semilla=1
# preparacion (puntos+rejilla+KNN): 0.072 s | L_nn=123.7704
# iter  mejor_iter  mejor_global  media_hormigas  t_iter(s)  t_total(s)
    1    132.7832      132.7832        134.1567      0.019       0.019
    2    127.1828      127.1828        128.4919      0.021       0.040
    3    124.8685      124.8685        126.4875      0.021       0.061
    4    124.3193      124.3193        125.5082      0.021       0.082
    5    123.4171      123.4171        124.9115      0.021       0.103
    6    123.9171      123.4171        124.8965      0.020       0.124
    7    123.1919      123.1919        124.5446      0.020       0.144
    8    122.9174      122.9174        124.3640      0.022       0.166
    9    122.5428      122.5428        124.1511      0.021       0.187
   10    122.4361      122.4361        124.1168      0.021       0.208
   11    122.3847      122.3847        123.9956      0.021       0.229
   12    123.1688      122.3847        124.0380      0.020       0.249
   13    122.2409      122.2409        123.8181      0.020       0.270
   14    122.5696      122.2409        124.0026      0.021       0.290
   15    122.2894      122.2409        123.7553      0.021       0.311
   16    122.4721      122.2409        123.7458      0.023       0.334
   17    122.1567      122.1567        123.7366      0.021       0.355
   18    122.5977      122.1567        123.7960      0.020       0.375
   19    122.7267      122.1567        123.8327      0.021       0.396
   20    122.5206      122.1567        123.6549      0.021       0.417
   21    122.3918      122.1567        123.6625      0.020       0.437
   22    122.6228      122.1567        123.6549      0.021       0.458
   23    122.5226      122.1567        123.7065      0.021       0.479
   24    122.5009      122.1567        123.7343      0.020       0.499
   25    122.3814      122.1567        123.6370      0.021       0.520
   26    121.8231      121.8231        123.5769      0.020       0.540
   27    122.3164      121.8231        123.5592      0.021       0.562
   28    122.3994      121.8231        123.3857      0.021       0.583
   29    122.1808      121.8231        123.3083      0.020       0.603
   30    122.1712      121.8231        123.4934      0.021       0.624
   31    122.2179      121.8231        123.4250      0.021       0.645
   32    122.1287      121.8231        123.4835      0.021       0.665
   33    122.0569      121.8231        123.3615      0.020       0.686
   34    122.1001      121.8231        123.4040      0.020       0.706
   35    121.4595      121.4595        123.4193      0.022       0.728
   36    121.9914      121.4595        123.3479      0.022       0.750
   37    122.0487      121.4595        123.2849      0.020       0.770
   38    122.0629      121.4595        123.1973      0.022       0.793
   39    121.5029      121.4595        123.2230      0.022       0.814
   40    122.2696      121.4595        123.4328      0.022       0.836
   41    122.0719      121.4595        123.3673      0.021       0.857
   42    122.3699      121.4595        123.4616      0.021       0.879
   43    121.7386      121.4595        123.3526      0.023       0.902
   44    122.3681      121.4595        123.4159      0.023       0.926
   45    122.3661      121.4595        123.1749      0.025       0.951
   46    122.0455      121.4595        123.1306      0.023       0.974
   47    122.1149      121.4595        123.4025      0.025       0.999
   48    122.0162      121.4595        123.2534      0.025       1.024
   49    121.5510      121.4595        123.1018      0.025       1.049
   50    122.2646      121.4595        123.1845      0.024       1.073
   51    121.8608      121.4595        123.1266      0.025       1.099
   52    122.0875      121.4595        123.1932      0.023       1.122
   53    121.4879      121.4595        123.0520      0.023       1.146
   54    121.5539      121.4595        123.1046      0.024       1.169
   55    122.1047      121.4595        123.1736      0.023       1.192
   56    122.0417      121.4595        123.0574      0.023       1.215
   57    122.3889      121.4595        123.3045      0.022       1.237
   58    121.5599      121.4595        123.2242      0.022       1.259
   59    122.1625      121.4595        123.0459      0.022       1.281
   60    121.6001      121.4595        123.0407      0.023       1.304
   61    121.3263      121.3263        123.1852      0.023       1.328
   62    121.6853      121.3263        122.9405      0.023       1.351
   63    121.7357      121.3263        123.0496      0.021       1.372
   64    121.6458      121.3263        122.9212      0.021       1.394
   65    121.9405      121.3263        123.0862      0.022       1.415
   66    121.5510      121.3263        123.0657      0.021       1.437
   67    121.7098      121.3263        123.0517      0.021       1.458
   68    121.6985      121.3263        122.8134      0.020       1.478
   69    121.4303      121.3263        122.7868      0.021       1.499
   70    121.4689      121.3263        122.9239      0.021       1.520
   71    121.3642      121.3263        122.8229      0.020       1.540
   72    121.5032      121.3263        122.8491      0.021       1.561
   73    121.4295      121.3263        122.8134      0.021       1.582
   74    121.5980      121.3263        122.8652      0.021       1.603
   75    121.4598      121.3263        122.8567      0.020       1.623
   76    121.3953      121.3263        122.9603      0.020       1.643
   77    121.2255      121.2255        122.8545      0.022       1.665
   78    121.6406      121.2255        122.7324      0.021       1.686
   79    121.3637      121.2255        122.8169      0.022       1.708
   80    121.2465      121.2255        122.8052      0.021       1.729
   81    121.8850      121.2255        122.8243      0.021       1.750
   82    121.3580      121.2255        122.7963      0.020       1.770
   83    121.4555      121.2255        122.6630      0.020       1.790
   84    121.7481      121.2255        122.8760      0.020       1.811
   85    121.6818      121.2255        122.7560      0.020       1.831
   86    122.0328      121.2255        123.0298      0.021       1.852
   87    121.0725      121.0725        122.7488      0.021       1.873
   88    121.3044      121.0725        123.0524      0.022       1.895
   89    121.7180      121.0725        122.8005      0.020       1.915
   90    121.5456      121.0725        122.7220      0.021       1.936
   91    121.7967      121.0725        122.9235      0.020       1.955
   92    121.4070      121.0725        122.7324      0.021       1.977
   93    121.1486      121.0725        122.8120      0.020       1.996
   94    121.6427      121.0725        122.7719      0.021       2.017
   95    121.5114      121.0725        122.7128      0.020       2.038
   96    121.3666      121.0725        122.7541      0.020       2.058
   97    121.4829      121.0725        122.8613      0.020       2.078
   98    121.8106      121.0725        122.7375      0.020       2.098
   99    121.4252      121.0725        122.8738      0.022       2.121
  100    121.5912      121.0725        122.9090      0.022       2.143
# ---- resumen ----
n=20000 m=50 iters=100 tour_valido=SI L_mejor=121.07250 (verificado 121.07250) L_nn=123.77037 mejora_vs_nn=2.18%
unidades_originales: factor_escala=0.999955 L_mejor=121.06705 L_nn=123.76479
tiempo: preparacion=0.072 s  ACO=2.143 s  total=2.221 s  (0.0214 s/iter)
memoria: pico RSS=14.3 MB (tras KNN 6.3 MB) | matrices densas D+T serian 3.200 GB
CSV,20000,50,8,1,100,121.072503,123.770366,0.072,2.143,14.3
