# n=2000 m=2048 K=8 alpha=1.50 beta=5.00 rho=0.10 two=1 alpha2=1.00 hilos=12 semilla=1
# preparacion (puntos+rejilla+KNN): 0.008 s | L_nn=39.2712
# iter  mejor_iter  mejor_global  media_hormigas  t_iter(s)  t_total(s)
    1     41.1911       41.1911         43.3715      0.069       0.069
    2     39.4694       39.4694         41.5344      0.072       0.141
    3     39.1128       39.1128         40.8499      0.068       0.210
    4     38.7824       38.7824         40.5127      0.069       0.278
    5     38.5900       38.5900         40.3642      0.068       0.346
    6     38.5214       38.5214         40.3083      0.068       0.415
    7     38.4693       38.4693         40.2677      0.067       0.481
    8     38.5520       38.4693         40.2240      0.067       0.548
    9     38.2895       38.2895         40.1702      0.067       0.615
   10     38.5917       38.2895         40.1296      0.065       0.680
   11     38.4694       38.2895         40.1011      0.067       0.748
   12     38.2653       38.2653         40.0478      0.067       0.815
   13     38.3507       38.2653         40.0254      0.066       0.881
   14     38.2188       38.2188         40.0159      0.066       0.947
   15     38.5402       38.2188         40.0089      0.066       1.013
   16     38.4580       38.2188         40.0273      0.068       1.081
   17     37.9961       37.9961         40.0171      0.067       1.148
   18     38.1516       37.9961         39.9794      0.069       1.217
   19     38.2621       37.9961         39.9628      0.067       1.284
   20     38.2978       37.9961         39.9456      0.066       1.349
   21     38.2511       37.9961         39.9051      0.067       1.417
   22     38.2675       37.9961         39.9128      0.066       1.483
   23     38.0804       37.9961         39.9012      0.066       1.549
   24     37.8857       37.8857         39.8734      0.066       1.615
   25     38.0221       37.8857         39.8656      0.066       1.681
   26     37.9537       37.8857         39.8538      0.067       1.748
   27     38.0929       37.8857         39.8650      0.066       1.814
   28     38.2084       37.8857         39.8676      0.066       1.881
   29     38.1281       37.8857         39.8729      0.067       1.947
   30     38.0951       37.8857         39.8457      0.067       2.015
   31     37.9536       37.8857         39.8453      0.067       2.081
   32     38.2902       37.8857         39.8231      0.067       2.149
   33     38.3189       37.8857         39.8444      0.066       2.215
   34     38.2769       37.8857         39.7996      0.067       2.282
   35     37.9633       37.8857         39.7942      0.067       2.349
   36     38.2656       37.8857         39.7473      0.069       2.418
   37     38.1197       37.8857         39.7643      0.068       2.486
   38     37.6753       37.6753         39.7325      0.066       2.552
   39     37.6930       37.6753         39.7091      0.067       2.619
   40     37.6784       37.6753         39.6975      0.067       2.686
   41     37.6649       37.6649         39.7127      0.069       2.755
   42     37.6287       37.6287         39.7393      0.067       2.822
   43     37.6124       37.6124         39.6859      0.066       2.888
   44     37.5765       37.5765         39.6988      0.066       2.954
   45     37.6259       37.5765         39.6756      0.066       3.020
   46     37.5460       37.5460         39.6511      0.068       3.088
   47     37.6143       37.5460         39.6341      0.067       3.155
   48     37.4673       37.4673         39.6185      0.066       3.221
   49     37.4801       37.4673         39.6240      0.067       3.288
   50     37.5401       37.4673         39.6022      0.066       3.354
   51     37.5453       37.4673         39.6020      0.067       3.421
   52     37.4623       37.4623         39.5753      0.066       3.487
   53     37.5967       37.4623         39.5725      0.066       3.553
   54     37.4332       37.4332         39.5524      0.067       3.620
   55     37.5416       37.4332         39.5036      0.066       3.686
   56     37.4529       37.4332         39.4747      0.065       3.751
   57     37.5093       37.4332         39.5045      0.066       3.817
   58     37.4634       37.4332         39.4934      0.066       3.883
   59     37.5326       37.4332         39.4436      0.066       3.949
   60     37.4793       37.4332         39.4499      0.066       4.014
   61     37.4404       37.4332         39.4383      0.066       4.081
   62     37.4404       37.4332         39.3869      0.069       4.149
   63     37.4162       37.4162         39.4548      0.067       4.217
   64     37.4882       37.4162         39.4168      0.066       4.283
   65     37.4162       37.4162         39.3898      0.066       4.349
   66     37.4144       37.4144         39.3956      0.067       4.415
   67     37.4162       37.4144         39.3535      0.064       4.480
   68     37.4271       37.4144         39.3767      0.065       4.545
   69     37.4351       37.4144         39.3611      0.064       4.610
   70     37.4254       37.4144         39.3393      0.067       4.676
   71     37.4282       37.4144         39.3754      0.067       4.743
   72     37.4161       37.4144         39.3597      0.068       4.811
   73     37.4117       37.4117         39.3847      0.065       4.876
   74     37.3992       37.3992         39.3813      0.065       4.942
   75     37.4117       37.3992         39.3491      0.066       5.008
   76     37.3973       37.3973         39.3514      0.066       5.074
   77     37.4117       37.3973         39.3710      0.066       5.141
   78     37.4467       37.3973         39.3406      0.068       5.208
   79     37.4215       37.3973         39.3329      0.065       5.274
   80     37.4080       37.3973         39.3572      0.067       5.341
   81     37.4305       37.3973         39.3435      0.065       5.406
   82     37.4117       37.3973         39.3426      0.066       5.472
   83     37.3973       37.3973         39.3556      0.067       5.539
   84     37.4046       37.3973         39.3813      0.067       5.606
   85     37.3884       37.3884         39.3970      0.066       5.672
   86     37.3831       37.3831         39.3941      0.066       5.738
   87     37.3477       37.3477         39.3716      0.066       5.804
   88     37.4083       37.3477         39.3879      0.065       5.869
   89     37.3884       37.3477         39.3510      0.066       5.935
   90     37.3923       37.3477         39.3642      0.068       6.003
   91     37.3973       37.3477         39.3648      0.066       6.069
   92     37.3946       37.3477         39.3483      0.065       6.135
   93     37.3980       37.3477         39.3455      0.065       6.200
   94     37.3946       37.3477         39.3380      0.066       6.266
   95     37.4039       37.3477         39.3367      0.066       6.333
   96     37.3336       37.3336         39.3345      0.066       6.399
   97     37.3503       37.3336         39.3384      0.067       6.465
   98     37.3790       37.3336         39.3331      0.066       6.532
   99     37.2335       37.2335         39.3204      0.066       6.598
  100     37.3820       37.2335         39.3267      0.065       6.663
# ---- resumen ----
n=2000 m=2048 iters=100 tour_valido=SI L_mejor=37.23346 (verificado 37.23346) L_nn=39.27121 mejora_vs_nn=5.19%
unidades_originales: factor_escala=0.999892 L_mejor=37.22944 L_nn=39.26697
tiempo: preparacion=0.008 s  ACO=6.663 s  total=6.672 s  (0.0666 s/iter)
memoria: pico RSS=5.6 MB (tras KNN 4.7 MB) | matrices densas D+T serian 0.032 GB
CSV,2000,2048,8,1,100,37.233461,39.271209,0.008,6.663,5.6
