# n=20000 m=50 K=8 alpha=1.50 beta=5.00 rho=0.10 two=1 alpha2=1.00 hilos=12 semilla=3
# preparacion (puntos+rejilla+KNN): 0.065 s | L_nn=123.7640
# iter  mejor_iter  mejor_global  media_hormigas  t_iter(s)  t_total(s)
    1    132.7884      132.7884        134.1374      0.019       0.019
    2    126.8067      126.8067        128.4343      0.020       0.039
    3    125.4936      125.4936        126.5120      0.020       0.060
    4    124.4416      124.4416        125.7187      0.022       0.081
    5    123.9196      123.9196        125.2255      0.021       0.102
    6    123.4235      123.4235        124.8518      0.021       0.123
    7    123.3376      123.3376        124.7862      0.021       0.144
    8    122.7851      122.7851        124.4154      0.021       0.165
    9    123.1169      122.7851        124.2805      0.022       0.186
   10    122.9202      122.7851        124.1735      0.021       0.207
   11    123.0518      122.7851        124.4824      0.021       0.228
   12    123.0386      122.7851        124.0676      0.021       0.249
   13    122.6720      122.6720        124.1802      0.022       0.271
   14    122.6363      122.6363        124.2725      0.021       0.292
   15    122.6694      122.6363        124.0340      0.020       0.312
   16    122.6969      122.6363        123.9792      0.021       0.333
   17    122.6452      122.6363        124.1036      0.022       0.355
   18    122.9886      122.6363        124.0634      0.022       0.377
   19    122.9379      122.6363        124.0721      0.022       0.399
   20    122.7697      122.6363        123.9849      0.022       0.421
   21    122.7535      122.6363        123.9960      0.021       0.443
   22    122.9124      122.6363        123.9675      0.021       0.464
   23    122.9107      122.6363        124.0397      0.021       0.485
   24    123.0288      122.6363        124.0303      0.022       0.507
   25    122.8388      122.6363        124.1519      0.022       0.530
   26    122.4952      122.4952        123.8616      0.021       0.551
   27    122.4690      122.4690        123.8951      0.021       0.572
   28    122.6419      122.4690        123.9689      0.021       0.592
   29    122.4811      122.4690        123.8821      0.021       0.613
   30    122.0844      122.0844        123.9717      0.021       0.634
   31    122.7313      122.0844        123.9756      0.021       0.655
   32    122.7610      122.0844        123.9175      0.021       0.676
   33    122.6419      122.0844        123.7976      0.023       0.698
   34    122.0947      122.0844        123.8904      0.022       0.720
   35    122.4327      122.0844        123.7473      0.022       0.742
   36    122.4873      122.0844        123.9088      0.021       0.763
   37    122.5793      122.0844        123.8046      0.021       0.785
   38    122.3012      122.0844        123.7854      0.023       0.807
   39    122.4884      122.0844        123.7972      0.028       0.836
   40    122.3772      122.0844        123.7987      0.029       0.865
   41    122.5087      122.0844        123.7137      0.025       0.890
   42    122.3061      122.0844        123.7292      0.025       0.915
   43    121.7362      121.7362        123.5547      0.024       0.938
   44    122.4189      121.7362        123.8853      0.022       0.961
   45    122.2223      121.7362        123.8355      0.023       0.983
   46    122.3467      121.7362        123.6380      0.021       1.005
   47    122.4036      121.7362        123.6029      0.020       1.025
   48    122.3036      121.7362        123.7323      0.020       1.045
   49    122.6220      121.7362        123.8156      0.020       1.065
   50    122.5422      121.7362        123.7074      0.021       1.086
   51    122.4425      121.7362        123.7523      0.020       1.106
   52    122.6060      121.7362        123.6640      0.020       1.126
   53    122.1933      121.7362        123.8706      0.020       1.147
   54    122.4058      121.7362        123.7467      0.020       1.167
   55    122.7510      121.7362        123.7863      0.020       1.187
   56    122.4014      121.7362        123.6925      0.020       1.208
   57    122.5219      121.7362        123.8325      0.021       1.229
   58    122.3147      121.7362        123.7523      0.021       1.250
   59    122.4444      121.7362        123.6109      0.023       1.273
   60    122.7471      121.7362        123.6428      0.021       1.295
   61    122.6355      121.7362        123.7749      0.022       1.317
   62    121.8918      121.7362        123.7600      0.022       1.339
   63    122.6862      121.7362        123.6125      0.022       1.361
   64    122.6856      121.7362        123.7078      0.021       1.382
   65    122.6750      121.7362        123.7583      0.021       1.403
   66    122.6121      121.7362        123.6419      0.020       1.423
   67    122.2074      121.7362        123.7401      0.020       1.443
   68    122.7884      121.7362        123.6030      0.020       1.463
   69    122.4849      121.7362        123.6390      0.020       1.484
   70    122.3135      121.7362        123.6807      0.022       1.505
   71    122.6512      121.7362        123.7070      0.021       1.526
   72    121.9713      121.7362        123.6147      0.021       1.548
   73    122.4144      121.7362        123.7541      0.021       1.568
   74    121.8075      121.7362        123.5627      0.021       1.590
   75    122.2435      121.7362        123.5873      0.020       1.610
   76    122.0543      121.7362        123.6143      0.021       1.631
   77    122.2548      121.7362        123.4548      0.022       1.652
   78    121.8683      121.7362        123.5726      0.021       1.674
   79    121.7658      121.7362        123.3965      0.020       1.694
   80    122.3002      121.7362        123.6165      0.022       1.716
   81    122.6626      121.7362        123.6621      0.020       1.736
   82    122.4668      121.7362        123.5355      0.021       1.757
   83    122.1520      121.7362        123.4828      0.020       1.777
   84    122.2506      121.7362        123.5095      0.021       1.799
   85    122.5364      121.7362        123.7597      0.023       1.822
   86    122.3870      121.7362        123.5322      0.022       1.844
   87    122.3033      121.7362        123.6352      0.022       1.866
   88    122.2389      121.7362        123.6723      0.022       1.888
   89    121.7655      121.7362        123.7509      0.021       1.909
   90    122.3972      121.7362        123.5653      0.022       1.931
   91    122.4326      121.7362        123.5066      0.021       1.952
   92    121.6139      121.6139        123.6202      0.021       1.973
   93    122.5125      121.6139        123.4489      0.020       1.994
   94    122.5775      121.6139        123.5127      0.021       2.014
   95    122.1979      121.6139        123.5453      0.021       2.036
   96    122.2319      121.6139        123.4735      0.021       2.056
   97    122.2941      121.6139        123.6126      0.020       2.077
   98    122.4302      121.6139        123.4750      0.020       2.097
   99    122.7384      121.6139        123.5869      0.021       2.118
  100    122.5824      121.6139        123.5586      0.021       2.139
# ---- resumen ----
n=20000 m=50 iters=100 tour_valido=SI L_mejor=121.61390 (verificado 121.61390) L_nn=123.76400 mejora_vs_nn=1.74%
unidades_originales: factor_escala=0.999818 L_mejor=121.59178 L_nn=123.74150
tiempo: preparacion=0.065 s  ACO=2.139 s  total=2.210 s  (0.0214 s/iter)
memoria: pico RSS=14.3 MB (tras KNN 6.3 MB) | matrices densas D+T serian 3.200 GB
CSV,20000,50,8,1,100,121.613899,123.764002,0.065,2.139,14.3
