# n=2000 m=2048 K=8 alpha=1.50 beta=5.00 rho=0.10 two=1 alpha2=1.00 hilos=12 semilla=2
# preparacion (puntos+rejilla+KNN): 0.008 s | L_nn=40.3378
# iter  mejor_iter  mejor_global  media_hormigas  t_iter(s)  t_total(s)
    1     41.5447       41.5447         43.6040      0.068       0.068
    2     39.8368       39.8368         41.6138      0.069       0.137
    3     39.0292       39.0292         40.9642      0.067       0.205
    4     38.7296       38.7296         40.6620      0.068       0.273
    5     38.8314       38.7296         40.5126      0.068       0.341
    6     38.9347       38.7296         40.4727      0.066       0.407
    7     38.8218       38.7296         40.4518      0.068       0.475
    8     38.7867       38.7296         40.4240      0.067       0.542
    9     38.6909       38.6909         40.4440      0.067       0.609
   10     38.8055       38.6909         40.4256      0.067       0.676
   11     38.9230       38.6909         40.3979      0.068       0.744
   12     38.5227       38.5227         40.3944      0.067       0.811
   13     38.6367       38.5227         40.3504      0.068       0.879
   14     38.4322       38.4322         40.3586      0.069       0.947
   15     38.3777       38.3777         40.3510      0.067       1.015
   16     38.4573       38.3777         40.3338      0.066       1.080
   17     38.4472       38.3777         40.3003      0.066       1.147
   18     38.6719       38.3777         40.2929      0.067       1.214
   19     38.7047       38.3777         40.2914      0.067       1.281
   20     38.7029       38.3777         40.2805      0.069       1.350
   21     38.5957       38.3777         40.2541      0.067       1.417
   22     38.4622       38.3777         40.2523      0.067       1.484
   23     38.6671       38.3777         40.2535      0.067       1.551
   24     38.3715       38.3715         40.2261      0.067       1.619
   25     38.3257       38.3257         40.2173      0.066       1.684
   26     38.4112       38.3257         40.2125      0.068       1.752
   27     38.3583       38.3257         40.1793      0.067       1.820
   28     38.4272       38.3257         40.1720      0.067       1.887
   29     38.2565       38.2565         40.1515      0.067       1.954
   30     38.3322       38.2565         40.1551      0.066       2.020
   31     38.2681       38.2565         40.1384      0.066       2.086
   32     38.2244       38.2244         40.1148      0.065       2.152
   33     38.2276       38.2244         40.0967      0.067       2.218
   34     38.1650       38.1650         40.1008      0.066       2.284
   35     38.1995       38.1650         40.0676      0.066       2.351
   36     38.2173       38.1650         40.0682      0.066       2.417
   37     38.1330       38.1330         40.0493      0.065       2.482
   38     38.1433       38.1330         40.0555      0.066       2.548
   39     38.0577       38.0577         40.0128      0.068       2.616
   40     37.9467       37.9467         40.0080      0.067       2.683
   41     38.0704       37.9467         39.9964      0.067       2.751
   42     37.9874       37.9467         39.9608      0.067       2.818
   43     37.9530       37.9467         39.9581      0.066       2.884
   44     37.8304       37.8304         39.9507      0.066       2.950
   45     37.9352       37.8304         39.9142      0.066       3.016
   46     37.9101       37.8304         39.9331      0.066       3.082
   47     37.9220       37.8304         39.9045      0.065       3.147
   48     37.8676       37.8304         39.8888      0.066       3.214
   49     37.8845       37.8304         39.9184      0.067       3.280
   50     37.7928       37.7928         39.8876      0.068       3.348
   51     37.8188       37.7928         39.8810      0.068       3.416
   52     37.9018       37.7928         39.8790      0.066       3.482
   53     37.9636       37.7928         39.8700      0.066       3.548
   54     37.8210       37.7928         39.8587      0.068       3.616
   55     37.9109       37.7928         39.8385      0.073       3.689
   56     37.9260       37.7928         39.7805      0.069       3.758
   57     37.7122       37.7122         39.7956      0.066       3.824
   58     37.9321       37.7122         39.7909      0.066       3.890
   59     37.9037       37.7122         39.7975      0.066       3.956
   60     37.8035       37.7122         39.7662      0.065       4.022
   61     37.9043       37.7122         39.8359      0.066       4.088
   62     37.8542       37.7122         39.7862      0.066       4.154
   63     37.8171       37.7122         39.7779      0.065       4.220
   64     37.8210       37.7122         39.7914      0.065       4.285
   65     37.7956       37.7122         39.7974      0.065       4.350
   66     37.8502       37.7122         39.7754      0.066       4.416
   67     37.8527       37.7122         39.7975      0.065       4.481
   68     37.8435       37.7122         39.7958      0.066       4.547
   69     37.7848       37.7122         39.7876      0.066       4.613
   70     37.8149       37.7122         39.7913      0.066       4.679
   71     37.8723       37.7122         39.8292      0.069       4.748
   72     37.7860       37.7122         39.7796      0.067       4.815
   73     37.7520       37.7122         39.7524      0.066       4.881
   74     37.7122       37.7122         39.7428      0.067       4.948
   75     37.7129       37.7122         39.7517      0.067       5.014
   76     37.6834       37.6834         39.7366      0.067       5.081
   77     37.7098       37.6834         39.7332      0.067       5.148
   78     37.6940       37.6834         39.6909      0.065       5.213
   79     37.6828       37.6828         39.6994      0.066       5.279
   80     37.7020       37.6828         39.6492      0.065       5.345
   81     37.7144       37.6828         39.6615      0.066       5.410
   82     37.7098       37.6828         39.6350      0.065       5.476
   83     37.7079       37.6828         39.6035      0.066       5.542
   84     37.6412       37.6412         39.6014      0.066       5.608
   85     37.6805       37.6412         39.6524      0.065       5.673
   86     37.6789       37.6412         39.6176      0.065       5.738
   87     37.4622       37.4622         39.6222      0.068       5.806
   88     37.5503       37.4622         39.6203      0.069       5.875
   89     37.5050       37.4622         39.6359      0.066       5.941
   90     37.4929       37.4622         39.6670      0.066       6.007
   91     37.6208       37.4622         39.6212      0.066       6.073
   92     37.6874       37.4622         39.6559      0.065       6.138
   93     37.4974       37.4622         39.6180      0.066       6.204
   94     37.6202       37.4622         39.6168      0.065       6.269
   95     37.5937       37.4622         39.6335      0.065       6.335
   96     37.4701       37.4622         39.6117      0.066       6.400
   97     37.4641       37.4622         39.6271      0.066       6.467
   98     37.5058       37.4622         39.6278      0.065       6.532
   99     37.4644       37.4622         39.6425      0.067       6.599
  100     37.4644       37.4622         39.5972      0.066       6.665
# ---- resumen ----
n=2000 m=2048 iters=100 tour_valido=SI L_mejor=37.46215 (verificado 37.46215) L_nn=40.33775 mejora_vs_nn=7.13%
unidades_originales: factor_escala=0.999213 L_mejor=37.43268 L_nn=40.30602
tiempo: preparacion=0.008 s  ACO=6.665 s  total=6.674 s  (0.0667 s/iter)
memoria: pico RSS=5.6 MB (tras KNN 4.6 MB) | matrices densas D+T serian 0.032 GB
CSV,2000,2048,8,1,100,37.462150,40.337750,0.008,6.665,5.6
