# n=2000 m=50 K=8 alpha=1.50 beta=5.00 rho=0.10 two=1 alpha2=1.00 hilos=12 semilla=2
# preparacion (puntos+rejilla+KNN): 0.008 s | L_nn=40.3378
# iter  mejor_iter  mejor_global  media_hormigas  t_iter(s)  t_total(s)
    1     42.6321       42.6321         43.6051      0.002       0.002
    2     40.6265       40.6265         41.8950      0.002       0.004
    3     39.9089       39.9089         41.0666      0.002       0.006
    4     39.4300       39.4300         40.6378      0.002       0.008
    5     39.4026       39.4026         40.7542      0.002       0.010
    6     39.3957       39.3957         40.9036      0.002       0.013
    7     39.3168       39.3168         40.5735      0.002       0.015
    8     39.6688       39.3168         40.6148      0.002       0.017
    9     38.6974       38.6974         40.5003      0.002       0.020
   10     39.3158       38.6974         40.3929      0.002       0.022
   11     39.1585       38.6974         40.3078      0.002       0.025
   12     39.7437       38.6974         40.5609      0.002       0.027
   13     39.1106       38.6974         40.3254      0.003       0.030
   14     39.1167       38.6974         40.2824      0.003       0.033
   15     38.8830       38.6974         40.3030      0.003       0.035
   16     39.0651       38.6974         40.3700      0.003       0.038
   17     39.0645       38.6974         40.1190      0.002       0.041
   18     39.2480       38.6974         40.2174      0.003       0.043
   19     38.6854       38.6854         40.2135      0.003       0.046
   20     38.9290       38.6854         40.2030      0.003       0.049
   21     38.8135       38.6854         40.1022      0.003       0.051
   22     38.8803       38.6854         40.1670      0.003       0.054
   23     38.8821       38.6854         40.1416      0.002       0.056
   24     38.9427       38.6854         40.0942      0.002       0.059
   25     38.9079       38.6854         40.0279      0.002       0.061
   26     38.7237       38.6854         40.2290      0.003       0.064
   27     38.8506       38.6854         40.1404      0.003       0.067
   28     39.1031       38.6854         40.1589      0.002       0.069
   29     38.9757       38.6854         40.1870      0.003       0.072
   30     38.6027       38.6027         39.9790      0.002       0.074
   31     38.4025       38.4025         40.0643      0.002       0.077
   32     38.4746       38.4025         40.0277      0.003       0.079
   33     38.4494       38.4025         39.7642      0.003       0.082
   34     38.5972       38.4025         39.9040      0.002       0.084
   35     38.4364       38.4025         40.0420      0.002       0.087
   36     38.2923       38.2923         39.9089      0.002       0.089
   37     38.7058       38.2923         39.8992      0.002       0.091
   38     38.5040       38.2923         39.8571      0.002       0.094
   39     38.4196       38.2923         39.8643      0.002       0.096
   40     38.4374       38.2923         39.5774      0.002       0.099
   41     38.2852       38.2852         39.8475      0.002       0.101
   42     38.5953       38.2852         39.9366      0.002       0.104
   43     38.3806       38.2852         39.8411      0.002       0.106
   44     38.4397       38.2852         39.8487      0.002       0.109
   45     38.4633       38.2852         39.5530      0.002       0.111
   46     38.1898       38.1898         39.5362      0.002       0.113
   47     38.4688       38.1898         39.7513      0.002       0.116
   48     38.3803       38.1898         39.7145      0.002       0.118
   49     38.2391       38.1898         39.6506      0.003       0.121
   50     38.4857       38.1898         39.6773      0.003       0.123
   51     38.4424       38.1898         39.5877      0.002       0.126
   52     38.3187       38.1898         39.7001      0.002       0.128
   53     38.4288       38.1898         39.5910      0.003       0.131
   54     38.4334       38.1898         39.5087      0.002       0.133
   55     38.4024       38.1898         39.7605      0.002       0.136
   56     38.3556       38.1898         39.5963      0.002       0.138
   57     38.0669       38.0669         39.6031      0.002       0.141
   58     38.3147       38.0669         39.6589      0.002       0.143
   59     38.2651       38.0669         39.5502      0.002       0.145
   60     38.1721       38.0669         39.7203      0.003       0.148
   61     38.1744       38.0669         39.6489      0.002       0.151
   62     38.4820       38.0669         39.5950      0.002       0.153
   63     38.3653       38.0669         39.7471      0.002       0.155
   64     38.4763       38.0669         39.7088      0.002       0.158
   65     38.1490       38.0669         39.8128      0.002       0.160
   66     38.4121       38.0669         39.7302      0.002       0.163
   67     38.4416       38.0669         39.5698      0.003       0.166
   68     38.3732       38.0669         39.7051      0.002       0.168
   69     38.0766       38.0669         39.7188      0.003       0.170
   70     38.5241       38.0669         39.8994      0.003       0.173
   71     38.3737       38.0669         39.7302      0.003       0.176
   72     38.3831       38.0669         39.8255      0.002       0.178
   73     38.7041       38.0669         39.7447      0.003       0.181
   74     38.3668       38.0669         39.6184      0.002       0.183
   75     38.4247       38.0669         39.7036      0.002       0.186
   76     38.3463       38.0669         39.7863      0.002       0.188
   77     38.4906       38.0669         39.6593      0.002       0.191
   78     38.4516       38.0669         39.8724      0.002       0.193
   79     38.4396       38.0669         39.8088      0.002       0.195
   80     38.5083       38.0669         39.8467      0.003       0.198
   81     38.3698       38.0669         39.7436      0.003       0.201
   82     38.4284       38.0669         39.9218      0.002       0.203
   83     38.4174       38.0669         39.8021      0.002       0.206
   84     38.0175       38.0175         39.7532      0.003       0.208
   85     38.0787       38.0175         39.8661      0.002       0.211
   86     38.0175       38.0175         39.6612      0.002       0.213
   87     38.0975       38.0175         39.7855      0.002       0.216
   88     38.4230       38.0175         39.7667      0.002       0.218
   89     38.3031       38.0175         39.7192      0.003       0.221
   90     38.0277       38.0175         39.7314      0.002       0.223
   91     38.5429       38.0175         39.8381      0.002       0.226
   92     38.3191       38.0175         39.8672      0.002       0.228
   93     38.0947       38.0175         39.7356      0.003       0.231
   94     38.4013       38.0175         39.9077      0.002       0.233
   95     38.4255       38.0175         39.8590      0.002       0.235
   96     38.4055       38.0175         39.8330      0.002       0.238
   97     38.1286       38.0175         39.9262      0.002       0.240
   98     38.1796       38.0175         39.8390      0.002       0.243
   99     38.1541       38.0175         39.6655      0.002       0.245
  100     38.5977       38.0175         39.7165      0.003       0.248
# ---- resumen ----
n=2000 m=50 iters=100 tour_valido=SI L_mejor=38.01749 (verificado 38.01749) L_nn=40.33775 mejora_vs_nn=5.75%
unidades_originales: factor_escala=0.999213 L_mejor=37.98759 L_nn=40.30602
tiempo: preparacion=0.008 s  ACO=0.248 s  total=0.257 s  (0.0025 s/iter)
memoria: pico RSS=5.6 MB (tras KNN 4.7 MB) | matrices densas D+T serian 0.032 GB
CSV,2000,50,8,1,100,38.017492,40.337750,0.008,0.248,5.6
