# n=2000 m=500 K=8 alpha=1.50 beta=5.00 rho=0.10 two=1 alpha2=1.00 hilos=12 semilla=1
# preparacion (puntos+rejilla+KNN): 0.008 s | L_nn=39.2712
# iter  mejor_iter  mejor_global  media_hormigas  t_iter(s)  t_total(s)
    1     41.6184       41.6184         43.3794      0.014       0.014
    2     40.1336       40.1336         41.6101      0.017       0.031
    3     39.1630       39.1630         40.8479      0.017       0.049
    4     38.3120       38.3120         40.4723      0.018       0.067
    5     38.5845       38.3120         40.1992      0.017       0.083
    6     38.3258       38.3120         40.1398      0.018       0.101
    7     38.3920       38.3120         40.1159      0.017       0.118
    8     38.6511       38.3120         40.1539      0.017       0.135
    9     38.5194       38.3120         40.1459      0.017       0.152
   10     38.8215       38.3120         40.1804      0.017       0.169
   11     38.6250       38.3120         40.1476      0.017       0.185
   12     38.7687       38.3120         40.1670      0.017       0.203
   13     38.8614       38.3120         40.1740      0.018       0.220
   14     38.7512       38.3120         40.1325      0.017       0.237
   15     38.6686       38.3120         40.1734      0.017       0.254
   16     38.6312       38.3120         40.1550      0.017       0.271
   17     38.6677       38.3120         40.1055      0.018       0.289
   18     38.4965       38.3120         40.1269      0.017       0.306
   19     38.4682       38.3120         40.0823      0.017       0.323
   20     38.5758       38.3120         40.1497      0.017       0.340
   21     38.4040       38.3120         40.1106      0.017       0.356
   22     38.3779       38.3120         40.1149      0.017       0.373
   23     38.6070       38.3120         40.1205      0.017       0.390
   24     38.3700       38.3120         40.1088      0.017       0.407
   25     38.3253       38.3120         40.1326      0.017       0.424
   26     38.4211       38.3120         40.1236      0.030       0.454
   27     38.3253       38.3120         40.1259      0.029       0.483
   28     38.3262       38.3120         40.1277      0.024       0.508
   29     38.3508       38.3120         40.1735      0.023       0.531
   30     38.3234       38.3120         40.1647      0.021       0.552
   31     38.3234       38.3120         40.1717      0.025       0.576
   32     38.3226       38.3120         40.1953      0.026       0.603
   33     38.3120       38.3120         40.1562      0.025       0.628
   34     38.3249       38.3120         40.2033      0.020       0.648
   35     38.3392       38.3120         40.2315      0.025       0.673
   36     38.2881       38.2881         40.2547      0.019       0.692
   37     38.2881       38.2881         40.1514      0.019       0.711
   38     38.3253       38.2881         40.1748      0.019       0.730
   39     38.3223       38.2881         40.1689      0.017       0.746
   40     38.2881       38.2881         40.1200      0.017       0.763
   41     38.3234       38.2881         40.1190      0.017       0.780
   42     38.2976       38.2881         40.0936      0.017       0.797
   43     38.3253       38.2881         40.0800      0.017       0.814
   44     38.2881       38.2881         40.0805      0.017       0.831
   45     38.3253       38.2881         39.9813      0.016       0.847
   46     38.2875       38.2875         39.9921      0.017       0.864
   47     38.3306       38.2875         39.9784      0.016       0.881
   48     38.4258       38.2875         40.0121      0.017       0.898
   49     38.2933       38.2875         39.9781      0.016       0.914
   50     38.2976       38.2875         39.9708      0.017       0.931
   51     38.2976       38.2875         39.9673      0.017       0.948
   52     38.3223       38.2875         39.9936      0.017       0.965
   53     38.2881       38.2875         39.9460      0.016       0.981
   54     38.2976       38.2875         39.9895      0.016       0.998
   55     38.3508       38.2875         39.9675      0.018       1.016
   56     38.3391       38.2875         39.9667      0.017       1.032
   57     38.2875       38.2875         39.9359      0.017       1.049
   58     38.2875       38.2875         39.9744      0.017       1.066
   59     38.2875       38.2875         40.0140      0.017       1.082
   60     38.2823       38.2823         40.0116      0.017       1.099
   61     38.2939       38.2823         40.0309      0.016       1.116
   62     38.3306       38.2823         40.0265      0.017       1.133
   63     38.2534       38.2534         39.9897      0.016       1.149
   64     38.3166       38.2534         40.0156      0.017       1.166
   65     38.1545       38.1545         39.8923      0.017       1.183
   66     38.3223       38.1545         40.0250      0.018       1.200
   67     38.2054       38.1545         40.0169      0.017       1.218
   68     38.2814       38.1545         40.0374      0.018       1.236
   69     38.3728       38.1545         40.0320      0.017       1.252
   70     38.2939       38.1545         40.0298      0.017       1.269
   71     38.2640       38.1545         40.0669      0.016       1.285
   72     38.2588       38.1545         40.1127      0.017       1.303
   73     38.3098       38.1545         40.1601      0.017       1.320
   74     38.2380       38.1545         40.1626      0.017       1.337
   75     38.1674       38.1545         40.1720      0.017       1.353
   76     38.3047       38.1545         40.2048      0.017       1.370
   77     38.2054       38.1545         40.1737      0.017       1.387
   78     38.1647       38.1545         40.1513      0.017       1.404
   79     38.1519       38.1519         40.2273      0.016       1.421
   80     38.1674       38.1519         40.2394      0.017       1.438
   81     38.2888       38.1519         40.2245      0.017       1.455
   82     38.1477       38.1477         40.2294      0.017       1.472
   83     38.1477       38.1477         40.2472      0.017       1.488
   84     38.1980       38.1477         40.3154      0.017       1.505
   85     38.1477       38.1477         40.2241      0.017       1.522
   86     38.2054       38.1477         40.2881      0.016       1.538
   87     38.1519       38.1477         40.2903      0.017       1.556
   88     38.1477       38.1477         40.2413      0.017       1.573
   89     38.1545       38.1477         40.2371      0.017       1.589
   90     38.1477       38.1477         40.2991      0.017       1.606
   91     38.1902       38.1477         40.3207      0.017       1.623
   92     38.1902       38.1477         40.2933      0.017       1.640
   93     38.1477       38.1477         40.2780      0.017       1.657
   94     38.1636       38.1477         40.3005      0.017       1.674
   95     38.1590       38.1477         40.2558      0.017       1.690
   96     38.2496       38.1477         40.3356      0.017       1.707
   97     38.1545       38.1477         40.2831      0.017       1.724
   98     38.1477       38.1477         40.2715      0.017       1.741
   99     38.1590       38.1477         40.2675      0.016       1.757
  100     38.1477       38.1477         40.2620      0.017       1.774
# ---- resumen ----
n=2000 m=500 iters=100 tour_valido=SI L_mejor=38.14774 (verificado 38.14774) L_nn=39.27121 mejora_vs_nn=2.86%
unidades_originales: factor_escala=0.999892 L_mejor=38.14363 L_nn=39.26697
tiempo: preparacion=0.008 s  ACO=1.774 s  total=1.783 s  (0.0177 s/iter)
memoria: pico RSS=5.6 MB (tras KNN 4.6 MB) | matrices densas D+T serian 0.032 GB
CSV,2000,500,8,1,100,38.147743,39.271209,0.008,1.774,5.6
