# n=20000 m=2048 K=8 alpha=1.50 beta=5.00 rho=0.10 two=1 alpha2=1.00 hilos=12 semilla=2
# preparacion (puntos+rejilla+KNN): 0.065 s | L_nn=125.9370
# iter  mejor_iter  mejor_global  media_hormigas  t_iter(s)  t_total(s)
    1    132.5546      132.5546        134.6386      0.715       0.715
    2    126.8643      126.8643        128.9022      0.721       1.436
    3    124.7632      124.7632        126.9605      0.693       2.130
    4    124.2397      124.2397        126.1258      0.685       2.814
    5    123.5595      123.5595        125.5909      0.687       3.502
    6    123.6053      123.5595        125.2605      0.732       4.233
    7    123.0886      123.0886        125.1444      0.688       4.922
    8    123.2263      123.0886        124.9879      0.689       5.610
    9    122.2280      122.2280        124.8569      0.681       6.291
   10    122.9309      122.2280        124.7771      0.683       6.974
   11    122.6360      122.2280        124.6750      0.676       7.651
   12    122.7575      122.2280        124.6199      0.680       8.330
   13    122.3838      122.2280        124.5673      0.669       9.000
   14    122.4723      122.2280        124.5499      0.671       9.671
   15    122.6644      122.2280        124.5164      0.666      10.337
   16    122.7011      122.2280        124.5179      0.677      11.014
   17    122.5230      122.2280        124.5020      0.668      11.682
   18    122.6715      122.2280        124.4901      0.679      12.361
   19    122.6405      122.2280        124.4874      0.671      13.033
   20    122.4645      122.2280        124.4853      0.680      13.713
   21    122.7587      122.2280        124.4885      0.696      14.408
   22    122.7362      122.2280        124.4752      0.676      15.084
   23    122.3495      122.2280        124.4581      0.673      15.757
   24    122.7044      122.2280        124.4418      0.688      16.445
   25    122.3755      122.2280        124.4192      0.678      17.123
   26    122.3207      122.2280        124.4067      0.673      17.796
   27    122.5591      122.2280        124.3601      0.672      18.468
   28    122.0750      122.0750        124.3427      0.683      19.151
   29    122.4343      122.0750        124.2932      0.677      19.829
   30    122.2249      122.0750        124.2518      0.671      20.500
   31    122.1551      122.0750        124.2243      0.679      21.179
   32    122.2857      122.0750        124.2257      0.678      21.857
   33    122.4605      122.0750        124.2161      0.686      22.543
   34    121.9777      121.9777        124.2107      0.669      23.212
   35    122.2904      121.9777        124.1727      0.675      23.888
   36    122.0312      121.9777        124.1641      0.703      24.591
   37    122.5876      121.9777        124.1676      0.677      25.268
   38    122.3081      121.9777        124.1670      0.679      25.948
   39    122.5967      121.9777        124.1831      0.690      26.638
   40    122.5589      121.9777        124.1938      0.681      27.319
   41    122.2245      121.9777        124.1501      0.682      28.002
   42    122.4075      121.9777        124.1523      0.672      28.674
   43    122.3247      121.9777        124.1287      0.673      29.347
   44    122.0278      121.9777        124.1213      0.674      30.020
   45    122.2161      121.9777        124.1361      0.666      30.686
   46    122.2208      121.9777        124.1220      0.668      31.355
   47    122.1706      121.9777        124.1137      0.675      32.030
   48    122.4002      121.9777        124.0905      0.678      32.708
   49    122.0737      121.9777        124.0706      0.679      33.387
   50    121.9754      121.9754        124.0867      0.680      34.067
   51    122.3035      121.9754        124.0372      0.705      34.772
   52    122.2849      121.9754        124.0404      0.680      35.452
   53    122.2765      121.9754        124.0374      0.679      36.131
   54    122.0467      121.9754        124.0256      0.666      36.797
   55    122.1400      121.9754        124.0214      0.670      37.467
   56    122.1439      121.9754        124.0027      0.670      38.137
   57    122.1610      121.9754        124.0030      0.665      38.802
   58    122.1981      121.9754        124.0290      0.680      39.482
   59    122.2429      121.9754        124.0271      0.669      40.151
   60    121.8059      121.8059        124.0388      0.677      40.829
   61    122.1997      121.8059        124.0188      0.667      41.496
   62    121.8563      121.8059        123.9821      0.677      42.173
   63    122.1427      121.8059        124.0104      0.672      42.845
   64    121.9825      121.8059        124.0047      0.670      43.515
   65    122.0267      121.8059        123.9788      0.662      44.178
   66    121.8189      121.8059        123.9814      0.691      44.869
   67    121.7438      121.7438        123.9639      0.673      45.543
   68    122.0482      121.7438        123.9447      0.680      46.223
   69    122.2579      121.7438        123.9290      0.685      46.908
   70    122.1631      121.7438        123.9391      0.671      47.580
   71    121.9570      121.7438        123.9284      0.691      48.271
   72    121.8221      121.7438        123.9108      0.714      48.985
   73    122.1660      121.7438        123.8925      0.666      49.652
   74    122.0959      121.7438        123.9099      0.668      50.320
   75    122.0850      121.7438        123.8779      0.676      50.996
   76    122.1284      121.7438        123.8838      0.670      51.665
   77    121.8122      121.7438        123.8465      0.670      52.336
   78    121.6912      121.6912        123.8593      0.672      53.008
   79    121.8299      121.6912        123.8672      0.670      53.678
   80    121.8467      121.6912        123.8763      0.677      54.355
   81    121.9802      121.6912        123.8955      0.691      55.046
   82    122.0663      121.6912        123.9073      0.673      55.719
   83    122.0345      121.6912        123.9030      0.671      56.390
   84    122.2447      121.6912        123.9295      0.682      57.073
   85    122.2095      121.6912        123.9532      0.674      57.747
   86    122.0618      121.6912        123.9495      0.672      58.418
   87    122.1558      121.6912        123.9662      0.676      59.094
   88    122.0116      121.6912        123.9528      0.670      59.764
   89    122.1382      121.6912        123.9599      0.674      60.437
   90    121.8087      121.6912        123.9670      0.673      61.111
   91    121.9905      121.6912        123.9695      0.666      61.777
   92    122.0831      121.6912        123.9680      0.673      62.449
   93    122.2743      121.6912        123.9517      0.665      63.114
   94    122.1336      121.6912        123.9558      0.664      63.779
   95    122.0407      121.6912        123.9849      0.665      64.444
   96    121.9446      121.6912        123.9507      0.687      65.131
   97    122.2874      121.6912        123.9281      0.674      65.805
   98    122.0784      121.6912        123.9534      0.745      66.550
   99    121.9862      121.6912        123.9172      0.679      67.230
  100    121.9401      121.6912        123.9180      0.678      67.907
# ---- resumen ----
n=20000 m=2048 iters=100 tour_valido=SI L_mejor=121.69125 (verificado 121.69125) L_nn=125.93695 mejora_vs_nn=3.37%
unidades_originales: factor_escala=0.999961 L_mejor=121.68649 L_nn=125.93203
tiempo: preparacion=0.065 s  ACO=67.907 s  total=67.978 s  (0.6791 s/iter)
memoria: pico RSS=14.3 MB (tras KNN 6.3 MB) | matrices densas D+T serian 3.200 GB
CSV,20000,2048,8,1,100,121.691247,125.936952,0.065,67.907,14.3
