# n=2000 m=50 K=8 alpha=1.50 beta=5.00 rho=0.10 two=1 alpha2=1.00 hilos=12 semilla=3
# preparacion (puntos+rejilla+KNN): 0.008 s | L_nn=41.5577
# iter  mejor_iter  mejor_global  media_hormigas  t_iter(s)  t_total(s)
    1     42.4617       42.4617         43.6525      0.002       0.002
    2     40.8442       40.8442         41.9941      0.002       0.004
    3     40.0306       40.0306         41.2365      0.002       0.006
    4     39.4639       39.4639         40.8530      0.002       0.008
    5     39.4795       39.4639         40.7768      0.002       0.010
    6     39.3509       39.3509         40.5807      0.002       0.013
    7     39.6860       39.3509         40.7678      0.002       0.015
    8     39.6175       39.3509         40.7240      0.002       0.017
    9     39.2560       39.2560         40.6033      0.002       0.020
   10     39.5350       39.2560         40.5570      0.002       0.022
   11     39.3445       39.2560         40.6098      0.002       0.025
   12     39.2953       39.2560         40.4586      0.002       0.027
   13     39.1907       39.1907         40.5111      0.002       0.030
   14     39.4443       39.1907         40.3669      0.003       0.032
   15     39.1869       39.1869         40.4260      0.002       0.035
   16     39.2883       39.1869         40.2930      0.003       0.037
   17     38.7697       38.7697         40.3764      0.003       0.040
   18     39.2966       38.7697         40.3782      0.003       0.042
   19     38.6018       38.6018         40.3961      0.002       0.045
   20     39.2524       38.6018         40.1890      0.003       0.047
   21     38.8488       38.6018         40.3150      0.003       0.050
   22     39.2057       38.6018         40.3232      0.003       0.053
   23     39.0178       38.6018         40.2880      0.002       0.055
   24     39.0839       38.6018         40.1732      0.002       0.058
   25     38.7016       38.6018         40.0595      0.002       0.060
   26     39.1954       38.6018         40.0399      0.002       0.062
   27     38.8916       38.6018         40.3715      0.003       0.065
   28     38.9364       38.6018         40.0596      0.002       0.068
   29     38.5832       38.5832         40.2022      0.002       0.070
   30     39.2746       38.5832         40.1193      0.002       0.073
   31     38.6880       38.5832         40.0691      0.002       0.075
   32     38.4755       38.4755         40.0582      0.002       0.078
   33     38.4089       38.4089         40.1622      0.002       0.080
   34     38.9970       38.4089         40.1925      0.003       0.083
   35     39.1509       38.4089         40.0809      0.003       0.085
   36     38.3817       38.3817         39.9013      0.003       0.088
   37     38.8927       38.3817         40.0264      0.003       0.090
   38     39.2015       38.3817         40.0896      0.002       0.093
   39     38.8560       38.3817         40.0524      0.002       0.095
   40     38.8340       38.3817         40.0456      0.003       0.098
   41     38.9575       38.3817         40.1369      0.002       0.100
   42     39.0161       38.3817         40.0497      0.002       0.103
   43     39.0244       38.3817         39.9475      0.002       0.105
   44     38.6277       38.3817         39.8275      0.002       0.108
   45     38.8825       38.3817         39.9652      0.002       0.110
   46     38.5626       38.3817         39.8440      0.002       0.113
   47     38.8127       38.3817         39.9425      0.003       0.115
   48     38.6759       38.3817         39.8379      0.003       0.118
   49     38.6511       38.3817         39.9079      0.003       0.120
   50     38.6402       38.3817         39.7937      0.002       0.123
   51     38.4052       38.3817         39.7981      0.002       0.125
   52     38.6812       38.3817         39.8736      0.003       0.128
   53     38.5078       38.3817         39.7478      0.002       0.130
   54     38.4954       38.3817         39.8487      0.003       0.133
   55     38.7456       38.3817         39.9073      0.002       0.135
   56     38.6074       38.3817         39.9714      0.002       0.138
   57     38.4329       38.3817         39.5213      0.002       0.140
   58     38.5755       38.3817         39.8005      0.002       0.143
   59     38.6075       38.3817         39.8736      0.002       0.145
   60     38.3941       38.3817         39.5720      0.003       0.148
   61     38.4902       38.3817         39.6976      0.002       0.150
   62     38.5595       38.3817         39.6315      0.002       0.153
   63     38.6050       38.3817         39.6913      0.002       0.155
   64     38.2797       38.2797         39.7113      0.002       0.158
   65     38.6190       38.2797         39.6734      0.002       0.160
   66     38.3885       38.2797         39.6534      0.002       0.163
   67     38.3932       38.2797         39.6372      0.003       0.165
   68     38.3472       38.2797         39.6830      0.003       0.168
   69     38.4018       38.2797         39.5442      0.002       0.170
   70     38.4301       38.2797         39.6439      0.002       0.173
   71     38.4486       38.2797         39.4739      0.002       0.175
   72     38.2183       38.2183         39.4775      0.003       0.178
   73     38.3091       38.2183         39.6410      0.003       0.181
   74     38.4579       38.2183         39.5580      0.003       0.183
   75     38.2439       38.2183         39.6666      0.003       0.186
   76     38.4821       38.2183         39.6865      0.002       0.189
   77     38.2888       38.2183         39.4936      0.002       0.191
   78     38.2181       38.2181         39.5974      0.002       0.193
   79     38.3264       38.2181         39.4855      0.002       0.196
   80     38.3573       38.2181         39.5724      0.002       0.198
   81     38.4062       38.2181         39.5821      0.002       0.201
   82     38.3890       38.2181         39.5892      0.002       0.203
   83     38.3629       38.2181         39.6034      0.002       0.205
   84     38.5240       38.2181         39.5613      0.002       0.208
   85     38.3021       38.2181         39.5615      0.002       0.210
   86     38.2644       38.2181         39.5928      0.002       0.213
   87     38.7113       38.2181         39.6268      0.003       0.215
   88     38.3881       38.2181         39.5924      0.003       0.218
   89     38.3043       38.2181         39.6175      0.002       0.220
   90     38.3810       38.2181         39.3745      0.002       0.223
   91     38.4273       38.2181         39.5405      0.002       0.225
   92     38.3447       38.2181         39.3584      0.002       0.228
   93     38.5181       38.2181         39.5684      0.002       0.230
   94     38.3810       38.2181         39.5461      0.003       0.233
   95     37.9906       37.9906         39.4168      0.002       0.235
   96     38.2181       37.9906         39.5119      0.002       0.237
   97     38.1407       37.9906         39.4407      0.002       0.240
   98     38.1601       37.9906         39.4656      0.002       0.242
   99     38.4260       37.9906         39.5278      0.002       0.245
  100     38.3414       37.9906         39.4658      0.002       0.247
# ---- resumen ----
n=2000 m=50 iters=100 tour_valido=SI L_mejor=37.99064 (verificado 37.99064) L_nn=41.55774 mejora_vs_nn=8.58%
unidades_originales: factor_escala=0.999422 L_mejor=37.96868 L_nn=41.53371
tiempo: preparacion=0.008 s  ACO=0.247 s  total=0.256 s  (0.0025 s/iter)
memoria: pico RSS=5.6 MB (tras KNN 4.6 MB) | matrices densas D+T serian 0.032 GB
CSV,2000,50,8,1,100,37.990640,41.557739,0.008,0.247,5.6
