# n=20 m=500 K=19 alpha=1.50 beta=5.00 rho=0.10 two=1 alpha2=1.00 hilos=12 semilla=1
# preparacion (puntos+rejilla+KNN): 0.002 s | L_nn=5.4830
# iter  mejor_iter  mejor_global  media_hormigas  t_iter(s)  t_total(s)
    1      4.8528        4.8528          5.7891      0.001       0.001
    2      4.7818        4.7818          5.4249      0.001       0.001
    3      4.7526        4.7526          5.1645      0.001       0.002
    4      4.7526        4.7526          5.0642      0.001       0.003
    5      4.7526        4.7526          5.0343      0.001       0.004
    6      4.7448        4.7448          5.0115      0.001       0.004
    7      4.7448        4.7448          5.0567      0.001       0.005
    8      4.7448        4.7448          5.0301      0.001       0.006
    9      4.7448        4.7448          5.0394      0.001       0.006
   10      4.7448        4.7448          5.0115      0.001       0.007
   11      4.7448        4.7448          4.9768      0.001       0.008
   12      4.7448        4.7448          4.9875      0.001       0.009
   13      4.7448        4.7448          4.9386      0.001       0.009
   14      4.7448        4.7448          4.9539      0.001       0.010
   15      4.7448        4.7448          4.9007      0.001       0.011
   16      4.7448        4.7448          4.8680      0.001       0.012
   17      4.7448        4.7448          4.8592      0.001       0.012
   18      4.7448        4.7448          4.8335      0.001       0.013
   19      4.7448        4.7448          4.8073      0.001       0.014
   20      4.7448        4.7448          4.8112      0.001       0.015
   21      4.7448        4.7448          4.7935      0.001       0.016
   22      4.7448        4.7448          4.7943      0.001       0.016
   23      4.7448        4.7448          4.7751      0.001       0.017
   24      4.7448        4.7448          4.7769      0.001       0.018
   25      4.7448        4.7448          4.7735      0.001       0.019
   26      4.7448        4.7448          4.7684      0.001       0.019
   27      4.7448        4.7448          4.7617      0.001       0.020
   28      4.7448        4.7448          4.7642      0.001       0.021
   29      4.7448        4.7448          4.7523      0.001       0.022
   30      4.7448        4.7448          4.7546      0.001       0.022
   31      4.7448        4.7448          4.7502      0.001       0.023
   32      4.7448        4.7448          4.7511      0.001       0.024
   33      4.7448        4.7448          4.7495      0.001       0.025
   34      4.7448        4.7448          4.7486      0.001       0.026
   35      4.7448        4.7448          4.7469      0.001       0.026
   36      4.7448        4.7448          4.7456      0.001       0.027
   37      4.7448        4.7448          4.7478      0.001       0.028
   38      4.7448        4.7448          4.7462      0.001       0.029
   39      4.7448        4.7448          4.7451      0.001       0.030
   40      4.7448        4.7448          4.7457      0.001       0.030
   41      4.7448        4.7448          4.7453      0.001       0.031
   42      4.7448        4.7448          4.7463      0.001       0.032
   43      4.7448        4.7448          4.7462      0.001       0.033
   44      4.7448        4.7448          4.7448      0.001       0.034
   45      4.7448        4.7448          4.7448      0.001       0.034
   46      4.7448        4.7448          4.7448      0.001       0.035
   47      4.7448        4.7448          4.7448      0.001       0.036
   48      4.7448        4.7448          4.7451      0.001       0.037
   49      4.7448        4.7448          4.7448      0.001       0.038
   50      4.7448        4.7448          4.7448      0.001       0.038
   51      4.7448        4.7448          4.7448      0.001       0.039
   52      4.7448        4.7448          4.7448      0.001       0.040
   53      4.7448        4.7448          4.7448      0.001       0.041
   54      4.7448        4.7448          4.7448      0.001       0.042
   55      4.7448        4.7448          4.7448      0.001       0.043
   56      4.7448        4.7448          4.7448      0.001       0.044
   57      4.7448        4.7448          4.7448      0.001       0.044
   58      4.7448        4.7448          4.7448      0.001       0.045
   59      4.7448        4.7448          4.7448      0.001       0.046
   60      4.7448        4.7448          4.7448      0.001       0.047
   61      4.7448        4.7448          4.7448      0.001       0.048
   62      4.7448        4.7448          4.7448      0.001       0.048
   63      4.7448        4.7448          4.7448      0.001       0.049
   64      4.7448        4.7448          4.7448      0.001       0.050
   65      4.7448        4.7448          4.7448      0.001       0.051
   66      4.7448        4.7448          4.7448      0.001       0.051
   67      4.7448        4.7448          4.7448      0.001       0.052
   68      4.7448        4.7448          4.7448      0.001       0.053
   69      4.7448        4.7448          4.7448      0.001       0.054
   70      4.7448        4.7448          4.7448      0.001       0.055
   71      4.7448        4.7448          4.7448      0.001       0.055
   72      4.7448        4.7448          4.7448      0.001       0.056
   73      4.7448        4.7448          4.7448      0.001       0.057
   74      4.7448        4.7448          4.7448      0.001       0.058
   75      4.7448        4.7448          4.7448      0.001       0.059
   76      4.7448        4.7448          4.7448      0.001       0.059
   77      4.7448        4.7448          4.7448      0.001       0.060
   78      4.7448        4.7448          4.7448      0.001       0.061
   79      4.7448        4.7448          4.7448      0.001       0.062
   80      4.7448        4.7448          4.7448      0.001       0.063
   81      4.7448        4.7448          4.7448      0.001       0.063
   82      4.7448        4.7448          4.7448      0.001       0.064
   83      4.7448        4.7448          4.7448      0.001       0.065
   84      4.7448        4.7448          4.7448      0.001       0.066
   85      4.7448        4.7448          4.7448      0.001       0.067
   86      4.7448        4.7448          4.7448      0.001       0.068
   87      4.7448        4.7448          4.7448      0.001       0.068
   88      4.7448        4.7448          4.7448      0.001       0.069
   89      4.7448        4.7448          4.7448      0.001       0.070
   90      4.7448        4.7448          4.7448      0.001       0.071
   91      4.7448        4.7448          4.7448      0.001       0.071
   92      4.7448        4.7448          4.7448      0.001       0.072
   93      4.7448        4.7448          4.7448      0.001       0.073
   94      4.7448        4.7448          4.7448      0.001       0.074
   95      4.7448        4.7448          4.7448      0.001       0.074
   96      4.7448        4.7448          4.7448      0.001       0.075
   97      4.7448        4.7448          4.7448      0.001       0.076
   98      4.7448        4.7448          4.7448      0.001       0.077
   99      4.7448        4.7448          4.7448      0.001       0.077
  100      4.7448        4.7448          4.7448      0.001       0.078
# ---- resumen ----
n=20 m=500 iters=100 tour_valido=SI L_mejor=4.74483 (verificado 4.74483) L_nn=5.48298 mejora_vs_nn=13.46%
unidades_originales: factor_escala=0.955223 L_mejor=4.53237 L_nn=5.23747
tiempo: preparacion=0.002 s  ACO=0.078 s  total=0.081 s  (0.0008 s/iter)
memoria: pico RSS=4.5 MB (tras KNN 4.5 MB) | matrices densas D+T serian 0.000 GB
CSV,20,500,19,1,100,4.744834,5.482976,0.002,0.078,4.5
