# n=20 m=2048 K=19 alpha=1.50 beta=5.00 rho=0.10 two=1 alpha2=1.00 hilos=12 semilla=1
# preparacion (puntos+rejilla+KNN): 0.002 s | L_nn=5.4830
# iter  mejor_iter  mejor_global  media_hormigas  t_iter(s)  t_total(s)
    1      4.7526        4.7526          5.7910      0.002       0.002
    2      4.7448        4.7448          5.4004      0.001       0.003
    3      4.7448        4.7448          5.1703      0.001       0.005
    4      4.7448        4.7448          5.0115      0.001       0.006
    5      4.7448        4.7448          4.9215      0.001       0.007
    6      4.7448        4.7448          4.8700      0.002       0.009
    7      4.7448        4.7448          4.8462      0.002       0.011
    8      4.7448        4.7448          4.8277      0.001       0.012
    9      4.7448        4.7448          4.8154      0.002       0.014
   10      4.7448        4.7448          4.8146      0.002       0.015
   11      4.7448        4.7448          4.8044      0.002       0.017
   12      4.7448        4.7448          4.8015      0.002       0.018
   13      4.7448        4.7448          4.7929      0.002       0.020
   14      4.7448        4.7448          4.7930      0.002       0.022
   15      4.7448        4.7448          4.7836      0.002       0.023
   16      4.7448        4.7448          4.7820      0.002       0.025
   17      4.7448        4.7448          4.7822      0.002       0.026
   18      4.7448        4.7448          4.7767      0.002       0.028
   19      4.7448        4.7448          4.7738      0.002       0.030
   20      4.7448        4.7448          4.7696      0.002       0.031
   21      4.7448        4.7448          4.7693      0.002       0.033
   22      4.7448        4.7448          4.7656      0.002       0.034
   23      4.7448        4.7448          4.7630      0.002       0.036
   24      4.7448        4.7448          4.7579      0.002       0.037
   25      4.7448        4.7448          4.7548      0.002       0.039
   26      4.7448        4.7448          4.7542      0.002       0.041
   27      4.7448        4.7448          4.7560      0.002       0.042
   28      4.7448        4.7448          4.7528      0.002       0.044
   29      4.7448        4.7448          4.7494      0.002       0.045
   30      4.7448        4.7448          4.7465      0.002       0.047
   31      4.7448        4.7448          4.7487      0.002       0.049
   32      4.7448        4.7448          4.7476      0.002       0.050
   33      4.7448        4.7448          4.7470      0.002       0.052
   34      4.7448        4.7448          4.7456      0.002       0.054
   35      4.7448        4.7448          4.7471      0.002       0.055
   36      4.7448        4.7448          4.7459      0.002       0.057
   37      4.7448        4.7448          4.7453      0.002       0.058
   38      4.7448        4.7448          4.7455      0.002       0.060
   39      4.7448        4.7448          4.7452      0.002       0.062
   40      4.7448        4.7448          4.7455      0.002       0.063
   41      4.7448        4.7448          4.7451      0.002       0.065
   42      4.7448        4.7448          4.7449      0.002       0.066
   43      4.7448        4.7448          4.7448      0.002       0.068
   44      4.7448        4.7448          4.7450      0.002       0.070
   45      4.7448        4.7448          4.7448      0.002       0.071
   46      4.7448        4.7448          4.7451      0.002       0.073
   47      4.7448        4.7448          4.7451      0.002       0.074
   48      4.7448        4.7448          4.7452      0.002       0.076
   49      4.7448        4.7448          4.7448      0.002       0.078
   50      4.7448        4.7448          4.7448      0.002       0.079
   51      4.7448        4.7448          4.7448      0.001       0.081
   52      4.7448        4.7448          4.7449      0.002       0.082
   53      4.7448        4.7448          4.7448      0.002       0.084
   54      4.7448        4.7448          4.7450      0.002       0.086
   55      4.7448        4.7448          4.7448      0.002       0.087
   56      4.7448        4.7448          4.7448      0.002       0.089
   57      4.7448        4.7448          4.7448      0.002       0.090
   58      4.7448        4.7448          4.7448      0.002       0.092
   59      4.7448        4.7448          4.7448      0.002       0.094
   60      4.7448        4.7448          4.7448      0.002       0.095
   61      4.7448        4.7448          4.7448      0.002       0.097
   62      4.7448        4.7448          4.7448      0.001       0.098
   63      4.7448        4.7448          4.7448      0.002       0.100
   64      4.7448        4.7448          4.7448      0.002       0.101
   65      4.7448        4.7448          4.7448      0.002       0.103
   66      4.7448        4.7448          4.7448      0.002       0.105
   67      4.7448        4.7448          4.7448      0.002       0.106
   68      4.7448        4.7448          4.7448      0.002       0.108
   69      4.7448        4.7448          4.7448      0.002       0.109
   70      4.7448        4.7448          4.7448      0.002       0.111
   71      4.7448        4.7448          4.7448      0.002       0.112
   72      4.7448        4.7448          4.7448      0.002       0.114
   73      4.7448        4.7448          4.7448      0.002       0.116
   74      4.7448        4.7448          4.7448      0.002       0.117
   75      4.7448        4.7448          4.7448      0.002       0.119
   76      4.7448        4.7448          4.7448      0.002       0.121
   77      4.7448        4.7448          4.7448      0.002       0.122
   78      4.7448        4.7448          4.7448      0.002       0.124
   79      4.7448        4.7448          4.7448      0.002       0.126
   80      4.7448        4.7448          4.7448      0.002       0.127
   81      4.7448        4.7448          4.7448      0.002       0.129
   82      4.7448        4.7448          4.7448      0.002       0.131
   83      4.7448        4.7448          4.7448      0.002       0.132
   84      4.7448        4.7448          4.7448      0.002       0.134
   85      4.7448        4.7448          4.7448      0.002       0.136
   86      4.7448        4.7448          4.7448      0.002       0.137
   87      4.7448        4.7448          4.7448      0.002       0.139
   88      4.7448        4.7448          4.7448      0.002       0.141
   89      4.7448        4.7448          4.7448      0.002       0.143
   90      4.7448        4.7448          4.7448      0.002       0.144
   91      4.7448        4.7448          4.7448      0.002       0.146
   92      4.7448        4.7448          4.7448      0.002       0.147
   93      4.7448        4.7448          4.7448      0.002       0.149
   94      4.7448        4.7448          4.7448      0.002       0.151
   95      4.7448        4.7448          4.7448      0.002       0.152
   96      4.7448        4.7448          4.7448      0.002       0.154
   97      4.7448        4.7448          4.7448      0.002       0.156
   98      4.7448        4.7448          4.7448      0.002       0.157
   99      4.7448        4.7448          4.7448      0.002       0.159
  100      4.7448        4.7448          4.7448      0.002       0.161
# ---- resumen ----
n=20 m=2048 iters=100 tour_valido=SI L_mejor=4.74483 (verificado 4.74483) L_nn=5.48298 mejora_vs_nn=13.46%
unidades_originales: factor_escala=0.955223 L_mejor=4.53237 L_nn=5.23747
tiempo: preparacion=0.002 s  ACO=0.161 s  total=0.163 s  (0.0016 s/iter)
memoria: pico RSS=4.5 MB (tras KNN 4.5 MB) | matrices densas D+T serian 0.000 GB
CSV,20,2048,19,1,100,4.744834,5.482976,0.002,0.161,4.5
