# n=20000 m=2048 K=8 alpha=1.50 beta=5.00 rho=0.10 two=1 alpha2=1.00 hilos=12 semilla=3
# preparacion (puntos+rejilla+KNN): 0.068 s | L_nn=123.7640
# iter  mejor_iter  mejor_global  media_hormigas  t_iter(s)  t_total(s)
    1    132.2012      132.2012        134.1439      0.748       0.748
    2    126.2774      126.2774        128.4383      0.731       1.479
    3    124.1694      124.1694        126.4596      0.723       2.202
    4    123.6897      123.6897        125.5435      0.739       2.941
    5    123.0137      123.0137        125.0408      0.724       3.665
    6    122.6805      122.6805        124.7038      0.715       4.380
    7    122.4366      122.4366        124.4699      0.719       5.099
    8    122.3753      122.3753        124.3398      0.707       5.806
    9    122.4636      122.3753        124.1784      0.716       6.522
   10    122.1812      122.1812        124.0842      0.711       7.233
   11    121.9344      121.9344        124.0419      0.720       7.953
   12    121.7498      121.7498        123.9793      0.720       8.673
   13    121.9564      121.7498        123.9239      0.720       9.393
   14    121.9608      121.7498        123.8667      0.716      10.109
   15    121.7027      121.7027        123.8351      0.715      10.824
   16    121.7118      121.7027        123.7875      0.706      11.530
   17    121.7693      121.7027        123.7657      0.704      12.235
   18    121.8242      121.7027        123.7461      0.730      12.965
   19    121.7250      121.7027        123.7432      0.711      13.676
   20    121.4315      121.4315        123.7026      0.715      14.391
   21    121.8176      121.4315        123.7147      0.721      15.112
   22    121.9881      121.4315        123.7346      0.715      15.827
   23    121.6649      121.4315        123.7075      0.711      16.538
   24    121.9344      121.4315        123.7266      0.714      17.253
   25    121.4109      121.4109        123.7512      0.709      17.962
   26    120.9176      120.9176        123.6952      0.710      18.672
   27    121.6822      120.9176        123.6785      0.708      19.381
   28    121.8095      120.9176        123.6455      0.710      20.091
   29    121.6562      120.9176        123.6625      0.702      20.793
   30    121.5872      120.9176        123.6289      0.710      21.503
   31    121.8676      120.9176        123.5994      0.718      22.221
   32    121.8542      120.9176        123.6238      0.775      22.997
   33    121.4492      120.9176        123.6034      0.705      23.702
   34    121.7288      120.9176        123.5811      0.733      24.435
   35    121.7360      120.9176        123.5499      0.719      25.154
   36    121.5461      120.9176        123.5551      0.712      25.866
   37    121.5572      120.9176        123.5194      0.711      26.577
   38    121.4846      120.9176        123.5056      0.714      27.291
   39    121.7290      120.9176        123.5049      0.710      28.002
   40    121.5923      120.9176        123.5013      0.708      28.709
   41    121.3343      120.9176        123.4749      0.700      29.410
   42    121.5099      120.9176        123.4910      0.760      30.169
   43    121.3804      120.9176        123.4548      0.704      30.873
   44    121.6215      120.9176        123.4655      0.751      31.625
   45    121.5400      120.9176        123.4620      0.700      32.325
   46    121.7181      120.9176        123.4449      0.743      33.068
   47    121.6009      120.9176        123.4399      0.714      33.782
   48    121.4860      120.9176        123.4528      0.710      34.493
   49    121.5997      120.9176        123.4698      0.733      35.226
   50    121.6228      120.9176        123.4628      0.706      35.931
   51    121.6164      120.9176        123.4480      0.715      36.647
   52    121.5406      120.9176        123.4653      0.707      37.354
   53    121.1989      120.9176        123.4381      0.748      38.102
   54    121.5480      120.9176        123.4600      0.700      38.802
   55    121.5655      120.9176        123.4491      0.720      39.522
   56    121.2321      120.9176        123.4468      0.741      40.263
   57    121.7151      120.9176        123.4386      0.711      40.974
   58    121.3414      120.9176        123.4573      0.762      41.736
   59    121.5248      120.9176        123.4056      0.716      42.452
   60    121.4725      120.9176        123.4392      0.755      43.207
   61    121.3583      120.9176        123.4229      0.694      43.900
   62    121.1236      120.9176        123.4026      0.713      44.614
   63    121.6988      120.9176        123.3849      0.716      45.330
   64    121.3640      120.9176        123.3305      0.708      46.038
   65    121.4960      120.9176        123.3352      0.714      46.752
   66    121.5054      120.9176        123.3067      0.706      47.459
   67    121.3215      120.9176        123.3189      0.713      48.172
   68    121.4839      120.9176        123.2868      0.707      48.879
   69    121.3002      120.9176        123.2724      0.707      49.586
   70    120.8826      120.8826        123.2796      0.703      50.289
   71    120.9402      120.8826        123.2719      0.700      50.989
   72    121.3658      120.8826        123.2561      0.761      51.750
   73    121.4021      120.8826        123.2491      0.712      52.462
   74    121.3527      120.8826        123.2627      0.730      53.192
   75    121.4534      120.8826        123.2596      0.724      53.916
   76    121.2424      120.8826        123.2581      0.733      54.649
   77    121.2590      120.8826        123.2481      0.732      55.381
   78    121.3155      120.8826        123.2344      0.721      56.103
   79    121.4852      120.8826        123.2404      0.707      56.809
   80    120.8407      120.8407        123.2426      0.701      57.511
   81    121.3067      120.8407        123.2597      0.714      58.225
   82    121.3144      120.8407        123.2795      0.760      58.985
   83    121.5682      120.8407        123.2843      0.708      59.693
   84    121.4151      120.8407        123.2602      0.708      60.400
   85    121.1044      120.8407        123.2868      0.717      61.117
   86    121.2595      120.8407        123.2956      0.696      61.813
   87    121.1454      120.8407        123.2808      0.698      62.512
   88    121.4928      120.8407        123.3092      0.702      63.213
   89    121.6936      120.8407        123.2912      0.713      63.927
   90    121.2956      120.8407        123.2833      0.701      64.627
   91    121.5189      120.8407        123.2974      0.699      65.326
   92    121.3127      120.8407        123.2905      0.717      66.043
   93    121.5558      120.8407        123.3039      0.711      66.754
   94    121.5130      120.8407        123.2815      0.713      67.468
   95    121.3223      120.8407        123.2791      0.710      68.177
   96    121.5099      120.8407        123.2989      0.707      68.884
   97    121.5756      120.8407        123.2913      0.767      69.651
   98    121.4457      120.8407        123.2872      0.752      70.404
   99    121.4989      120.8407        123.2874      0.715      71.119
  100    121.4003      120.8407        123.3041      0.700      71.819
# ---- resumen ----
n=20000 m=2048 iters=100 tour_valido=SI L_mejor=120.84067 (verificado 120.84067) L_nn=123.76400 mejora_vs_nn=2.36%
unidades_originales: factor_escala=0.999818 L_mejor=120.81870 L_nn=123.74150
tiempo: preparacion=0.068 s  ACO=71.819 s  total=71.892 s  (0.7182 s/iter)
memoria: pico RSS=14.3 MB (tras KNN 6.3 MB) | matrices densas D+T serian 3.200 GB
CSV,20000,2048,8,1,100,120.840670,123.764002,0.068,71.819,14.3
