# n=2000 m=500 K=8 alpha=1.50 beta=5.00 rho=0.10 two=1 alpha2=1.00 hilos=12 semilla=2
# preparacion (puntos+rejilla+KNN): 0.008 s | L_nn=40.3378
# iter  mejor_iter  mejor_global  media_hormigas  t_iter(s)  t_total(s)
    1     41.5447       41.5447         43.5708      0.015       0.015
    2     39.8609       39.8609         41.6308      0.017       0.032
    3     39.1046       39.1046         41.0360      0.018       0.050
    4     39.0948       39.0948         40.6628      0.018       0.068
    5     39.1806       39.0948         40.4880      0.018       0.086
    6     38.9839       38.9839         40.4114      0.017       0.103
    7     38.9994       38.9839         40.2827      0.017       0.120
    8     38.8540       38.8540         40.2821      0.017       0.137
    9     38.6528       38.6528         40.1936      0.017       0.154
   10     38.4466       38.4466         40.2624      0.017       0.171
   11     38.9548       38.4466         40.1958      0.017       0.188
   12     38.5362       38.4466         40.1755      0.017       0.205
   13     38.7600       38.4466         40.1958      0.017       0.222
   14     38.6453       38.4466         40.1550      0.017       0.239
   15     38.6790       38.4466         40.1230      0.017       0.256
   16     38.6440       38.4466         40.1269      0.017       0.273
   17     38.6150       38.4466         40.1545      0.017       0.290
   18     38.5970       38.4466         40.1446      0.017       0.306
   19     38.7652       38.4466         40.1285      0.017       0.323
   20     38.7385       38.4466         40.1692      0.017       0.340
   21     38.7510       38.4466         40.1546      0.017       0.357
   22     38.5997       38.4466         40.1142      0.017       0.374
   23     38.7993       38.4466         40.1204      0.017       0.391
   24     38.3290       38.3290         40.0966      0.017       0.408
   25     38.8816       38.3290         40.1034      0.017       0.425
   26     38.5513       38.3290         40.0818      0.017       0.443
   27     38.6852       38.3290         40.0223      0.017       0.460
   28     38.5785       38.3290         40.0558      0.017       0.477
   29     38.6074       38.3290         40.0308      0.017       0.494
   30     38.4303       38.3290         40.0105      0.016       0.510
   31     38.7469       38.3290         40.0303      0.017       0.527
   32     38.8383       38.3290         40.0363      0.017       0.544
   33     38.2185       38.2185         40.0243      0.017       0.560
   34     38.4586       38.2185         40.0565      0.016       0.577
   35     38.4018       38.2185         40.0251      0.017       0.594
   36     38.2462       38.2185         40.0132      0.017       0.611
   37     37.9905       37.9905         39.9851      0.017       0.628
   38     38.2826       37.9905         40.0072      0.018       0.645
   39     38.1881       37.9905         39.9755      0.018       0.663
   40     38.2609       37.9905         39.9776      0.017       0.681
   41     38.0972       37.9905         39.9789      0.017       0.697
   42     38.1714       37.9905         40.0012      0.017       0.715
   43     38.1480       37.9905         39.9915      0.017       0.731
   44     38.4613       37.9905         40.0075      0.017       0.749
   45     38.5628       37.9905         40.0306      0.017       0.766
   46     38.0577       37.9905         39.9938      0.017       0.783
   47     38.0887       37.9905         39.9378      0.017       0.800
   48     38.1690       37.9905         39.9723      0.017       0.817
   49     38.1272       37.9905         39.9544      0.017       0.833
   50     38.2491       37.9905         39.9279      0.017       0.850
   51     38.1188       37.9905         39.9153      0.017       0.867
   52     38.2125       37.9905         39.9284      0.016       0.883
   53     38.0841       37.9905         39.8971      0.017       0.901
   54     37.9137       37.9137         39.8932      0.017       0.918
   55     37.7427       37.7427         39.7978      0.016       0.934
   56     37.9527       37.7427         39.8342      0.017       0.951
   57     37.7383       37.7383         39.8091      0.017       0.967
   58     37.9673       37.7383         39.7896      0.017       0.984
   59     37.9965       37.7383         39.7975      0.017       1.001
   60     38.0233       37.7383         39.8152      0.017       1.018
   61     37.7533       37.7383         39.7702      0.017       1.034
   62     37.9145       37.7383         39.7193      0.016       1.050
   63     38.0621       37.7383         39.7435      0.018       1.068
   64     37.9545       37.7383         39.6789      0.017       1.085
   65     38.0220       37.7383         39.6720      0.016       1.101
   66     37.9413       37.7383         39.7089      0.017       1.118
   67     37.8768       37.7383         39.6174      0.016       1.134
   68     37.8132       37.7383         39.6236      0.017       1.151
   69     37.7622       37.7383         39.6311      0.016       1.167
   70     37.6966       37.6966         39.6090      0.016       1.184
   71     37.9061       37.6966         39.5667      0.016       1.200
   72     37.8686       37.6966         39.5512      0.017       1.217
   73     37.8378       37.6966         39.5556      0.017       1.233
   74     37.8342       37.6966         39.5382      0.016       1.250
   75     37.9872       37.6966         39.5254      0.016       1.266
   76     37.7591       37.6966         39.5578      0.016       1.282
   77     37.7798       37.6966         39.5696      0.016       1.299
   78     37.7871       37.6966         39.5197      0.017       1.315
   79     37.7108       37.6966         39.5490      0.016       1.332
   80     37.8587       37.6966         39.4872      0.017       1.348
   81     37.7450       37.6966         39.5136      0.017       1.365
   82     37.7128       37.6966         39.5473      0.017       1.382
   83     37.9084       37.6966         39.4482      0.016       1.398
   84     37.7771       37.6966         39.5325      0.019       1.416
   85     37.8005       37.6966         39.4939      0.018       1.434
   86     37.7404       37.6966         39.5414      0.017       1.451
   87     37.6965       37.6965         39.4802      0.016       1.467
   88     37.6966       37.6965         39.4596      0.017       1.484
   89     37.6966       37.6965         39.4845      0.016       1.500
   90     37.7595       37.6965         39.4631      0.017       1.517
   91     37.7922       37.6965         39.5426      0.016       1.533
   92     37.7038       37.6965         39.4685      0.017       1.549
   93     37.7223       37.6965         39.4674      0.016       1.566
   94     37.7199       37.6965         39.4262      0.017       1.582
   95     37.7096       37.6965         39.4437      0.016       1.599
   96     37.6977       37.6965         39.4691      0.017       1.616
   97     37.7035       37.6965         39.4361      0.016       1.632
   98     37.6800       37.6800         39.4096      0.017       1.649
   99     37.6842       37.6800         39.4437      0.017       1.666
  100     37.7212       37.6800         39.5044      0.018       1.683
# ---- resumen ----
n=2000 m=500 iters=100 tour_valido=SI L_mejor=37.67996 (verificado 37.67996) L_nn=40.33775 mejora_vs_nn=6.59%
unidades_originales: factor_escala=0.999213 L_mejor=37.65032 L_nn=40.30602
tiempo: preparacion=0.008 s  ACO=1.683 s  total=1.692 s  (0.0168 s/iter)
memoria: pico RSS=5.6 MB (tras KNN 4.7 MB) | matrices densas D+T serian 0.032 GB
CSV,2000,500,8,1,100,37.679956,40.337750,0.008,1.683,5.6
