# n=20 m=500 K=19 alpha=1.50 beta=5.00 rho=0.10 two=1 alpha2=1.00 hilos=12 semilla=3
# preparacion (puntos+rejilla+KNN): 0.002 s | L_nn=5.2806
# iter  mejor_iter  mejor_global  media_hormigas  t_iter(s)  t_total(s)
    1      4.7999        4.7999          6.0392      0.001       0.001
    2      4.7457        4.7457          5.4812      0.001       0.002
    3      4.7396        4.7396          5.3114      0.001       0.002
    4      4.7396        4.7396          5.2856      0.001       0.003
    5      4.7396        4.7396          5.2570      0.001       0.004
    6      4.7396        4.7396          5.2359      0.001       0.005
    7      4.7396        4.7396          5.2439      0.001       0.005
    8      4.7396        4.7396          5.2260      0.001       0.006
    9      4.7396        4.7396          5.1975      0.001       0.007
   10      4.7396        4.7396          5.2273      0.001       0.008
   11      4.7396        4.7396          5.2464      0.001       0.008
   12      4.7396        4.7396          5.1911      0.001       0.009
   13      4.7396        4.7396          5.2105      0.001       0.010
   14      4.7396        4.7396          5.1843      0.001       0.011
   15      4.7396        4.7396          5.1802      0.001       0.011
   16      4.7396        4.7396          5.1963      0.001       0.012
   17      4.7396        4.7396          5.2032      0.001       0.013
   18      4.7396        4.7396          5.1627      0.001       0.014
   19      4.7396        4.7396          5.1701      0.001       0.014
   20      4.7396        4.7396          5.1397      0.001       0.015
   21      4.7396        4.7396          5.1659      0.001       0.016
   22      4.7396        4.7396          5.1388      0.001       0.017
   23      4.7396        4.7396          5.1676      0.001       0.017
   24      4.7396        4.7396          5.1436      0.001       0.018
   25      4.7396        4.7396          5.1355      0.001       0.019
   26      4.7396        4.7396          5.1182      0.001       0.020
   27      4.7396        4.7396          5.1079      0.001       0.021
   28      4.7396        4.7396          5.1122      0.001       0.022
   29      4.7396        4.7396          5.0731      0.001       0.022
   30      4.7396        4.7396          5.0533      0.001       0.023
   31      4.7396        4.7396          5.0385      0.001       0.024
   32      4.7396        4.7396          5.0202      0.001       0.025
   33      4.7396        4.7396          5.0089      0.001       0.026
   34      4.7396        4.7396          4.9477      0.001       0.026
   35      4.7396        4.7396          4.8929      0.001       0.027
   36      4.7396        4.7396          4.8732      0.001       0.028
   37      4.7396        4.7396          4.8520      0.001       0.029
   38      4.7396        4.7396          4.8421      0.001       0.030
   39      4.7396        4.7396          4.8037      0.001       0.030
   40      4.7396        4.7396          4.7874      0.001       0.031
   41      4.7396        4.7396          4.7774      0.001       0.032
   42      4.7396        4.7396          4.7769      0.001       0.033
   43      4.7396        4.7396          4.7505      0.001       0.034
   44      4.7396        4.7396          4.7443      0.001       0.034
   45      4.7396        4.7396          4.7575      0.001       0.035
   46      4.7396        4.7396          4.7459      0.001       0.036
   47      4.7396        4.7396          4.7416      0.001       0.037
   48      4.7396        4.7396          4.7443      0.001       0.038
   49      4.7396        4.7396          4.7429      0.001       0.039
   50      4.7396        4.7396          4.7396      0.001       0.039
   51      4.7396        4.7396          4.7427      0.001       0.040
   52      4.7396        4.7396          4.7396      0.001       0.041
   53      4.7396        4.7396          4.7410      0.001       0.042
   54      4.7396        4.7396          4.7400      0.001       0.043
   55      4.7396        4.7396          4.7396      0.001       0.043
   56      4.7396        4.7396          4.7396      0.001       0.044
   57      4.7396        4.7396          4.7396      0.001       0.045
   58      4.7396        4.7396          4.7396      0.001       0.046
   59      4.7396        4.7396          4.7396      0.001       0.047
   60      4.7396        4.7396          4.7396      0.001       0.047
   61      4.7396        4.7396          4.7396      0.001       0.048
   62      4.7396        4.7396          4.7396      0.001       0.049
   63      4.7396        4.7396          4.7396      0.001       0.050
   64      4.7396        4.7396          4.7396      0.001       0.051
   65      4.7396        4.7396          4.7396      0.001       0.051
   66      4.7396        4.7396          4.7396      0.001       0.052
   67      4.7396        4.7396          4.7396      0.001       0.053
   68      4.7396        4.7396          4.7396      0.001       0.054
   69      4.7396        4.7396          4.7396      0.001       0.055
   70      4.7396        4.7396          4.7396      0.001       0.055
   71      4.7396        4.7396          4.7396      0.001       0.056
   72      4.7396        4.7396          4.7396      0.001       0.057
   73      4.7396        4.7396          4.7396      0.001       0.058
   74      4.7396        4.7396          4.7396      0.001       0.059
   75      4.7396        4.7396          4.7396      0.001       0.060
   76      4.7396        4.7396          4.7396      0.001       0.060
   77      4.7396        4.7396          4.7396      0.001       0.061
   78      4.7396        4.7396          4.7396      0.001       0.062
   79      4.7396        4.7396          4.7396      0.001       0.063
   80      4.7396        4.7396          4.7396      0.001       0.064
   81      4.7396        4.7396          4.7396      0.001       0.065
   82      4.7396        4.7396          4.7396      0.001       0.066
   83      4.7396        4.7396          4.7396      0.001       0.066
   84      4.7396        4.7396          4.7396      0.001       0.068
   85      4.7396        4.7396          4.7396      0.001       0.069
   86      4.7396        4.7396          4.7396      0.001       0.070
   87      4.7396        4.7396          4.7396      0.001       0.071
   88      4.7396        4.7396          4.7396      0.001       0.072
   89      4.7396        4.7396          4.7396      0.001       0.073
   90      4.7396        4.7396          4.7396      0.001       0.074
   91      4.7396        4.7396          4.7396      0.001       0.075
   92      4.7396        4.7396          4.7396      0.001       0.076
   93      4.7396        4.7396          4.7396      0.001       0.077
   94      4.7396        4.7396          4.7396      0.001       0.078
   95      4.7396        4.7396          4.7396      0.001       0.079
   96      4.7396        4.7396          4.7396      0.001       0.080
   97      4.7396        4.7396          4.7396      0.001       0.081
   98      4.7396        4.7396          4.7396      0.001       0.083
   99      4.7396        4.7396          4.7396      0.001       0.084
  100      4.7396        4.7396          4.7396      0.001       0.084
# ---- resumen ----
n=20 m=500 iters=100 tour_valido=SI L_mejor=4.73960 (verificado 4.73960) L_nn=5.28061 mejora_vs_nn=10.25%
unidades_originales: factor_escala=0.998246 L_mejor=4.73128 L_nn=5.27135
tiempo: preparacion=0.002 s  ACO=0.084 s  total=0.087 s  (0.0008 s/iter)
memoria: pico RSS=4.5 MB (tras KNN 4.5 MB) | matrices densas D+T serian 0.000 GB
CSV,20,500,19,1,100,4.739595,5.280610,0.002,0.084,4.5
