# n=20 m=50 K=19 alpha=1.50 beta=5.00 rho=0.10 two=1 alpha2=1.00 hilos=12 semilla=3
# preparacion (puntos+rejilla+KNN): 0.002 s | L_nn=5.2806
# iter  mejor_iter  mejor_global  media_hormigas  t_iter(s)  t_total(s)
    1      4.9245        4.9245          6.0301      0.001       0.001
    2      4.7822        4.7822          5.4123      0.001       0.001
    3      4.7917        4.7822          5.3160      0.001       0.002
    4      4.7457        4.7457          5.2749      0.000       0.002
    5      4.7457        4.7457          5.2189      0.001       0.003
    6      4.7457        4.7457          5.2949      0.000       0.003
    7      4.7457        4.7457          5.2466      0.000       0.004
    8      4.7457        4.7457          5.2764      0.000       0.004
    9      4.7457        4.7457          5.2610      0.000       0.005
   10      4.7457        4.7457          5.3482      0.000       0.005
   11      4.7457        4.7457          5.2456      0.000       0.006
   12      4.7457        4.7457          5.1867      0.001       0.006
   13      4.7457        4.7457          5.2537      0.000       0.007
   14      4.7457        4.7457          5.2669      0.001       0.007
   15      4.7457        4.7457          5.1762      0.000       0.008
   16      4.7457        4.7457          5.2059      0.001       0.008
   17      4.7457        4.7457          5.2124      0.000       0.009
   18      4.7457        4.7457          5.1471      0.001       0.009
   19      4.7457        4.7457          5.1381      0.001       0.010
   20      4.7457        4.7457          5.1447      0.001       0.010
   21      4.7457        4.7457          5.1115      0.001       0.011
   22      4.7457        4.7457          5.2177      0.001       0.012
   23      4.7457        4.7457          5.2842      0.001       0.012
   24      4.7457        4.7457          5.2387      0.001       0.013
   25      4.7457        4.7457          5.2709      0.001       0.013
   26      4.7457        4.7457          5.1896      0.001       0.014
   27      4.7457        4.7457          5.1106      0.000       0.014
   28      4.7457        4.7457          5.1563      0.001       0.015
   29      4.7457        4.7457          5.0577      0.001       0.015
   30      4.7457        4.7457          5.1147      0.001       0.016
   31      4.7457        4.7457          5.0122      0.000       0.016
   32      4.7457        4.7457          5.0392      0.000       0.017
   33      4.7457        4.7457          4.9757      0.000       0.017
   34      4.7457        4.7457          4.8453      0.000       0.018
   35      4.7457        4.7457          4.9286      0.001       0.018
   36      4.7457        4.7457          4.8500      0.001       0.019
   37      4.7457        4.7457          4.8051      0.001       0.019
   38      4.7457        4.7457          4.8777      0.001       0.020
   39      4.7457        4.7457          4.7778      0.000       0.021
   40      4.7457        4.7457          4.7457      0.000       0.021
   41      4.7457        4.7457          4.7732      0.001       0.022
   42      4.7457        4.7457          4.7603      0.001       0.022
   43      4.7457        4.7457          4.7457      0.001       0.023
   44      4.7457        4.7457          4.7457      0.000       0.023
   45      4.7457        4.7457          4.7457      0.001       0.024
   46      4.7457        4.7457          4.7479      0.001       0.024
   47      4.7457        4.7457          4.7457      0.001       0.025
   48      4.7457        4.7457          4.7457      0.001       0.025
   49      4.7457        4.7457          4.7457      0.001       0.026
   50      4.7457        4.7457          4.7498      0.001       0.027
   51      4.7457        4.7457          4.7457      0.001       0.027
   52      4.7457        4.7457          4.7457      0.001       0.028
   53      4.7457        4.7457          4.7457      0.001       0.028
   54      4.7457        4.7457          4.7457      0.001       0.029
   55      4.7457        4.7457          4.7457      0.001       0.029
   56      4.7457        4.7457          4.7457      0.001       0.030
   57      4.7457        4.7457          4.7457      0.000       0.030
   58      4.7457        4.7457          4.7457      0.001       0.031
   59      4.7457        4.7457          4.7457      0.001       0.032
   60      4.7457        4.7457          4.7457      0.001       0.032
   61      4.7457        4.7457          4.7457      0.001       0.033
   62      4.7457        4.7457          4.7457      0.001       0.033
   63      4.7457        4.7457          4.7457      0.001       0.034
   64      4.7457        4.7457          4.7457      0.001       0.034
   65      4.7457        4.7457          4.7457      0.001       0.035
   66      4.7457        4.7457          4.7457      0.001       0.035
   67      4.7457        4.7457          4.7457      0.001       0.036
   68      4.7457        4.7457          4.7457      0.001       0.037
   69      4.7457        4.7457          4.7457      0.001       0.037
   70      4.7457        4.7457          4.7457      0.001       0.038
   71      4.7457        4.7457          4.7457      0.001       0.038
   72      4.7457        4.7457          4.7457      0.001       0.039
   73      4.7457        4.7457          4.7457      0.001       0.040
   74      4.7457        4.7457          4.7457      0.001       0.040
   75      4.7457        4.7457          4.7457      0.001       0.041
   76      4.7457        4.7457          4.7457      0.001       0.041
   77      4.7457        4.7457          4.7457      0.001       0.042
   78      4.7457        4.7457          4.7457      0.001       0.042
   79      4.7457        4.7457          4.7457      0.001       0.043
   80      4.7457        4.7457          4.7457      0.001       0.044
   81      4.7457        4.7457          4.7457      0.001       0.044
   82      4.7457        4.7457          4.7457      0.001       0.045
   83      4.7457        4.7457          4.7457      0.001       0.045
   84      4.7457        4.7457          4.7457      0.001       0.046
   85      4.7457        4.7457          4.7457      0.001       0.047
   86      4.7457        4.7457          4.7457      0.001       0.047
   87      4.7457        4.7457          4.7457      0.001       0.048
   88      4.7457        4.7457          4.7457      0.001       0.048
   89      4.7457        4.7457          4.7457      0.001       0.049
   90      4.7457        4.7457          4.7457      0.001       0.050
   91      4.7457        4.7457          4.7457      0.001       0.050
   92      4.7457        4.7457          4.7457      0.001       0.051
   93      4.7457        4.7457          4.7457      0.001       0.051
   94      4.7457        4.7457          4.7457      0.001       0.052
   95      4.7457        4.7457          4.7457      0.001       0.052
   96      4.7457        4.7457          4.7457      0.001       0.053
   97      4.7457        4.7457          4.7457      0.001       0.053
   98      4.7457        4.7457          4.7457      0.001       0.054
   99      4.7457        4.7457          4.7457      0.001       0.055
  100      4.7457        4.7457          4.7457      0.001       0.055
# ---- resumen ----
n=20 m=50 iters=100 tour_valido=SI L_mejor=4.74571 (verificado 4.74571) L_nn=5.28061 mejora_vs_nn=10.13%
unidades_originales: factor_escala=0.998246 L_mejor=4.73739 L_nn=5.27135
tiempo: preparacion=0.002 s  ACO=0.055 s  total=0.057 s  (0.0006 s/iter)
memoria: pico RSS=4.5 MB (tras KNN 4.5 MB) | matrices densas D+T serian 0.000 GB
CSV,20,50,19,1,100,4.745714,5.280610,0.002,0.055,4.5
