# n=200 m=50 K=8 alpha=1.50 beta=5.00 rho=0.10 two=1 alpha2=1.00 hilos=12 semilla=2
# preparacion (puntos+rejilla+KNN): 0.003 s | L_nn=14.2990
# iter  mejor_iter  mejor_global  media_hormigas  t_iter(s)  t_total(s)
    1     13.4535       13.4535         14.6987      0.001       0.001
    2     12.4742       12.4742         14.0417      0.001       0.001
    3     13.0225       12.4742         13.8926      0.001       0.002
    4     12.6049       12.4742         13.7524      0.001       0.003
    5     12.6150       12.4742         13.6622      0.001       0.003
    6     12.6764       12.4742         13.5798      0.001       0.004
    7     12.5940       12.4742         13.7219      0.001       0.005
    8     12.3848       12.3848         13.4988      0.001       0.005
    9     12.2664       12.2664         13.4818      0.001       0.006
   10     12.3227       12.2664         13.5388      0.001       0.007
   11     12.1526       12.1526         13.6165      0.001       0.007
   12     12.6465       12.1526         13.6391      0.001       0.008
   13     12.8171       12.1526         13.8049      0.001       0.009
   14     12.5811       12.1526         13.6428      0.001       0.009
   15     12.6256       12.1526         13.6602      0.001       0.010
   16     12.6365       12.1526         13.6717      0.001       0.011
   17     12.2976       12.1526         13.6363      0.001       0.011
   18     12.4580       12.1526         13.7539      0.001       0.012
   19     12.4313       12.1526         13.6777      0.001       0.013
   20     12.3560       12.1526         13.5023      0.001       0.013
   21     12.1526       12.1526         13.7334      0.001       0.014
   22     12.4334       12.1526         13.5712      0.001       0.015
   23     12.3595       12.1526         13.5638      0.001       0.015
   24     12.1130       12.1130         13.3623      0.001       0.016
   25     12.4124       12.1130         13.5201      0.001       0.017
   26     12.1526       12.1130         13.6761      0.001       0.017
   27     12.2390       12.1130         13.5210      0.001       0.018
   28     12.3807       12.1130         13.4885      0.001       0.019
   29     12.1526       12.1130         13.2644      0.001       0.020
   30     12.1532       12.1130         13.3252      0.001       0.020
   31     12.2127       12.1130         13.3005      0.001       0.021
   32     12.3733       12.1130         13.3953      0.001       0.022
   33     12.0999       12.0999         13.3811      0.001       0.022
   34     12.1526       12.0999         13.4008      0.001       0.023
   35     12.1526       12.0999         13.5498      0.001       0.024
   36     12.1526       12.0999         13.4937      0.001       0.025
   37     12.2616       12.0999         13.5450      0.001       0.025
   38     12.0708       12.0708         13.3463      0.001       0.026
   39     12.1526       12.0708         13.1742      0.001       0.027
   40     12.1322       12.0708         13.4124      0.001       0.027
   41     12.1883       12.0708         13.2400      0.001       0.028
   42     12.0668       12.0668         13.3883      0.001       0.029
   43     12.1526       12.0668         13.3705      0.001       0.029
   44     12.2372       12.0668         13.4763      0.001       0.030
   45     12.1071       12.0668         13.3901      0.001       0.031
   46     12.1326       12.0668         13.2927      0.001       0.031
   47     12.1523       12.0668         13.4108      0.001       0.032
   48     12.0630       12.0630         13.6451      0.001       0.033
   49     12.1871       12.0630         13.3875      0.001       0.033
   50     12.0630       12.0630         13.3233      0.001       0.034
   51     12.0668       12.0630         13.4779      0.001       0.035
   52     12.0630       12.0630         13.2181      0.001       0.036
   53     12.1038       12.0630         13.0441      0.001       0.036
   54     12.0630       12.0630         13.1101      0.001       0.037
   55     12.1364       12.0630         13.1238      0.001       0.038
   56     12.0855       12.0630         13.1073      0.001       0.038
   57     12.0924       12.0630         13.2525      0.001       0.039
   58     12.1420       12.0630         13.1688      0.001       0.040
   59     12.0566       12.0566         13.3197      0.001       0.041
   60     12.0999       12.0566         13.1754      0.001       0.041
   61     12.1242       12.0566         13.2194      0.001       0.042
   62     12.1087       12.0566         13.0620      0.001       0.043
   63     12.1646       12.0566         13.1092      0.001       0.043
   64     12.0566       12.0566         13.2527      0.001       0.044
   65     12.1326       12.0566         13.2198      0.001       0.045
   66     12.0690       12.0566         13.2935      0.001       0.045
   67     12.0630       12.0566         13.0461      0.001       0.046
   68     12.0999       12.0566         13.1886      0.001       0.047
   69     12.0999       12.0566         13.3542      0.001       0.048
   70     12.0668       12.0566         12.9733      0.001       0.048
   71     12.0566       12.0566         13.0969      0.001       0.049
   72     12.0630       12.0566         13.2506      0.001       0.050
   73     12.0566       12.0566         13.0808      0.001       0.051
   74     12.0362       12.0362         13.1516      0.001       0.051
   75     12.0729       12.0362         13.2096      0.001       0.052
   76     12.1342       12.0362         13.2285      0.001       0.053
   77     12.3068       12.0362         13.2138      0.001       0.053
   78     12.1181       12.0362         13.1228      0.001       0.054
   79     12.1063       12.0362         13.1037      0.001       0.055
   80     12.0668       12.0362         13.1120      0.001       0.055
   81     12.3129       12.0362         13.2020      0.001       0.056
   82     12.0362       12.0362         13.2179      0.001       0.057
   83     12.0668       12.0362         13.0090      0.001       0.057
   84     12.0668       12.0362         13.1807      0.001       0.058
   85     12.0998       12.0362         13.1352      0.001       0.059
   86     12.0729       12.0362         13.1884      0.001       0.060
   87     12.1385       12.0362         13.0615      0.001       0.060
   88     12.1208       12.0362         13.1658      0.001       0.061
   89     12.1216       12.0362         13.0968      0.001       0.062
   90     12.0154       12.0154         13.0630      0.001       0.062
   91     12.0366       12.0154         13.0899      0.001       0.063
   92     12.1555       12.0154         13.1270      0.001       0.064
   93     12.0362       12.0154         13.0902      0.001       0.064
   94     12.2179       12.0154         13.2496      0.001       0.065
   95     12.0154       12.0154         13.1134      0.001       0.066
   96     12.0407       12.0154         13.1185      0.001       0.066
   97     12.0729       12.0154         13.0630      0.001       0.067
   98     12.1283       12.0154         13.1046      0.001       0.068
   99     12.0823       12.0154         13.0690      0.001       0.069
  100     12.0362       12.0154         13.2304      0.001       0.069
# ---- resumen ----
n=200 m=50 iters=100 tour_valido=SI L_mejor=12.01542 (verificado 12.01542) L_nn=14.29899 mejora_vs_nn=15.97%
unidades_originales: factor_escala=0.994451 L_mejor=11.94876 L_nn=14.21965
tiempo: preparacion=0.003 s  ACO=0.069 s  total=0.072 s  (0.0007 s/iter)
memoria: pico RSS=4.6 MB (tras KNN 4.5 MB) | matrices densas D+T serian 0.000 GB
CSV,200,50,8,1,100,12.015425,14.298993,0.003,0.069,4.6
