# n=20000 m=500 K=8 alpha=1.50 beta=5.00 rho=0.10 two=1 alpha2=1.00 hilos=12 semilla=1
# preparacion (puntos+rejilla+KNN): 0.079 s | L_nn=123.7704
# iter  mejor_iter  mejor_global  media_hormigas  t_iter(s)  t_total(s)
    1    132.3509      132.3509        134.1592      0.194       0.194
    2    126.6356      126.6356        128.4433      0.207       0.401
    3    124.2693      124.2693        126.5077      0.201       0.601
    4    123.7776      123.7776        125.5942      0.190       0.791
    5    123.3970      123.3970        125.0168      0.195       0.986
    6    122.9731      122.9731        124.7190      0.197       1.183
    7    122.6497      122.6497        124.4366      0.197       1.379
    8    122.5719      122.5719        124.2789      0.201       1.580
    9    122.6728      122.5719        124.1806      0.194       1.775
   10    122.0478      122.0478        124.0440      0.191       1.966
   11    122.1372      122.0478        124.0387      0.191       2.157
   12    122.2956      122.0478        123.9519      0.194       2.351
   13    122.2940      122.0478        123.9127      0.197       2.548
   14    122.2188      122.0478        123.8384      0.196       2.744
   15    122.3256      122.0478        123.9017      0.192       2.936
   16    121.9447      121.9447        123.9117      0.191       3.127
   17    121.9734      121.9447        123.8865      0.201       3.328
   18    121.9573      121.9447        123.8546      0.196       3.524
   19    121.8986      121.8986        123.7978      0.198       3.721
   20    121.8588      121.8588        123.7783      0.208       3.930
   21    122.2199      121.8588        123.7685      0.205       4.134
   22    122.1424      121.8588        123.7665      0.233       4.368
   23    122.1052      121.8588        123.7562      0.224       4.591
   24    121.9812      121.8588        123.7373      0.218       4.810
   25    121.8153      121.8153        123.6584      0.212       5.022
   26    121.8536      121.8153        123.6631      0.210       5.232
   27    121.8644      121.8153        123.6540      0.209       5.441
   28    121.9576      121.8153        123.6292      0.207       5.648
   29    121.4509      121.4509        123.6478      0.213       5.861
   30    121.8612      121.4509        123.5452      0.198       6.059
   31    121.5519      121.4509        123.5646      0.197       6.256
   32    121.7106      121.4509        123.5175      0.197       6.453
   33    121.6228      121.4509        123.5314      0.193       6.646
   34    121.8361      121.4509        123.4843      0.189       6.835
   35    121.7882      121.4509        123.4591      0.193       7.028
   36    121.9655      121.4509        123.4565      0.197       7.225
   37    121.6380      121.4509        123.4171      0.192       7.417
   38    121.6770      121.4509        123.4095      0.192       7.609
   39    121.8873      121.4509        123.3755      0.192       7.801
   40    121.6558      121.4509        123.3600      0.189       7.990
   41    121.8024      121.4509        123.3589      0.188       8.178
   42    121.2683      121.2683        123.3360      0.200       8.378
   43    121.5691      121.2683        123.3124      0.195       8.573
   44    121.4543      121.2683        123.2173      0.195       8.769
   45    121.8385      121.2683        123.2452      0.195       8.964
   46    121.6482      121.2683        123.2895      0.194       9.158
   47    121.4387      121.2683        123.2866      0.196       9.354
   48    121.3053      121.2683        123.2132      0.194       9.548
   49    121.6655      121.2683        123.2563      0.192       9.740
   50    121.7130      121.2683        123.2508      0.191       9.931
   51    121.4583      121.2683        123.2339      0.191      10.122
   52    121.7641      121.2683        123.1670      0.191      10.313
   53    121.6870      121.2683        123.2095      0.201      10.514
   54    121.5729      121.2683        123.2330      0.193      10.707
   55    120.9837      120.9837        123.2195      0.189      10.896
   56    121.6028      120.9837        123.2138      0.191      11.087
   57    121.6207      120.9837        123.1977      0.197      11.285
   58    121.2135      120.9837        123.1541      0.195      11.480
   59    121.3809      120.9837        123.1091      0.194      11.674
   60    121.5239      120.9837        123.1151      0.192      11.866
   61    121.3568      120.9837        123.1176      0.192      12.058
   62    121.4796      120.9837        123.1560      0.193      12.251
   63    121.5268      120.9837        123.0984      0.192      12.443
   64    121.1805      120.9837        123.0755      0.194      12.637
   65    121.5513      120.9837        123.0476      0.189      12.826
   66    121.1274      120.9837        123.0784      0.188      13.014
   67    121.0719      120.9837        123.0282      0.191      13.205
   68    121.3520      120.9837        123.0321      0.188      13.393
   69    121.2346      120.9837        123.0908      0.191      13.584
   70    121.2122      120.9837        123.0774      0.192      13.775
   71    120.9927      120.9837        123.0352      0.186      13.961
   72    121.7409      120.9837        123.0108      0.192      14.154
   73    121.5123      120.9837        123.0636      0.190      14.344
   74    121.6824      120.9837        123.0947      0.191      14.535
   75    121.3056      120.9837        123.1082      0.195      14.730
   76    121.3970      120.9837        123.1054      0.192      14.922
   77    121.1028      120.9837        123.0995      0.192      15.113
   78    121.1412      120.9837        123.1159      0.193      15.307
   79    121.2896      120.9837        123.0975      0.194      15.500
   80    121.3888      120.9837        123.1282      0.191      15.691
   81    121.8011      120.9837        123.1447      0.189      15.880
   82    121.2887      120.9837        123.0989      0.194      16.074
   83    121.5496      120.9837        123.1074      0.192      16.266
   84    121.6224      120.9837        123.1675      0.198      16.464
   85    121.5755      120.9837        123.1562      0.190      16.654
   86    121.4523      120.9837        123.1708      0.192      16.846
   87    121.6823      120.9837        123.2082      0.190      17.037
   88    121.5806      120.9837        123.1580      0.192      17.229
   89    121.5223      120.9837        123.1657      0.190      17.419
   90    121.2432      120.9837        123.1633      0.191      17.610
   91    121.5650      120.9837        123.2206      0.195      17.804
   92    121.5994      120.9837        123.1793      0.189      17.993
   93    121.4816      120.9837        123.1911      0.193      18.186
   94    121.6497      120.9837        123.1736      0.194      18.381
   95    121.5045      120.9837        123.1854      0.192      18.572
   96    121.4319      120.9837        123.1869      0.191      18.763
   97    121.3810      120.9837        123.1825      0.191      18.954
   98    121.3004      120.9837        123.1719      0.190      19.144
   99    121.0965      120.9837        123.1785      0.196      19.340
  100    121.2452      120.9837        123.1914      0.190      19.531
# ---- resumen ----
n=20000 m=500 iters=100 tour_valido=SI L_mejor=120.98374 (verificado 120.98373) L_nn=123.77037 mejora_vs_nn=2.25%
unidades_originales: factor_escala=0.999955 L_mejor=120.97828 L_nn=123.76479
tiempo: preparacion=0.079 s  ACO=19.531 s  total=19.618 s  (0.1953 s/iter)
memoria: pico RSS=14.3 MB (tras KNN 6.3 MB) | matrices densas D+T serian 3.200 GB
CSV,20000,500,8,1,100,120.983735,123.770366,0.079,19.531,14.3
