# n=20000 m=500 K=8 alpha=1.50 beta=5.00 rho=0.10 two=1 alpha2=1.00 hilos=12 semilla=3
# preparacion (puntos+rejilla+KNN): 0.067 s | L_nn=123.7640
# iter  mejor_iter  mejor_global  media_hormigas  t_iter(s)  t_total(s)
    1    132.2012      132.2012        134.1537      0.181       0.181
    2    126.7572      126.7572        128.4183      0.180       0.361
    3    124.2693      124.2693        126.4435      0.180       0.541
    4    123.7782      123.7782        125.5231      0.177       0.718
    5    123.4501      123.4501        125.0309      0.175       0.893
    6    123.0138      123.0138        124.7568      0.176       1.069
    7    122.7490      122.7490        124.4460      0.179       1.248
    8    122.6581      122.6581        124.3003      0.176       1.424
    9    122.5672      122.5672        124.1640      0.174       1.598
   10    121.9103      121.9103        124.1572      0.177       1.775
   11    122.3410      121.9103        124.0441      0.177       1.952
   12    122.0796      121.9103        123.9702      0.176       2.128
   13    122.1047      121.9103        123.9740      0.175       2.304
   14    122.0537      121.9103        123.9187      0.172       2.475
   15    122.0979      121.9103        123.9108      0.177       2.653
   16    121.8622      121.8622        123.8603      0.173       2.826
   17    121.9277      121.8622        123.7851      0.179       3.005
   18    122.0473      121.8622        123.7883      0.175       3.179
   19    122.2772      121.8622        123.8151      0.176       3.355
   20    122.2287      121.8622        123.7900      0.189       3.544
   21    122.0439      121.8622        123.7557      0.203       3.748
   22    122.0707      121.8622        123.7283      0.179       3.927
   23    122.0187      121.8622        123.7216      0.176       4.103
   24    121.9956      121.8622        123.7516      0.178       4.282
   25    122.2213      121.8622        123.7219      0.181       4.463
   26    121.8831      121.8622        123.7917      0.176       4.639
   27    121.9685      121.8622        123.7485      0.174       4.813
   28    122.0682      121.8622        123.7670      0.177       4.990
   29    122.0276      121.8622        123.7595      0.178       5.168
   30    121.8731      121.8622        123.7181      0.174       5.343
   31    122.0395      121.8622        123.7061      0.177       5.520
   32    121.3420      121.3420        123.8103      0.176       5.696
   33    121.4844      121.3420        123.7283      0.176       5.872
   34    122.2426      121.3420        123.6742      0.176       6.048
   35    121.7758      121.3420        123.6481      0.175       6.222
   36    122.0266      121.3420        123.6368      0.175       6.397
   37    121.9272      121.3420        123.5764      0.176       6.573
   38    121.7636      121.3420        123.5503      0.178       6.751
   39    121.8662      121.3420        123.5314      0.172       6.923
   40    121.6810      121.3420        123.5400      0.174       7.097
   41    121.9174      121.3420        123.5262      0.176       7.273
   42    121.6900      121.3420        123.5316      0.184       7.457
   43    121.3339      121.3339        123.5161      0.177       7.634
   44    121.5614      121.3339        123.4920      0.173       7.807
   45    121.8439      121.3339        123.4730      0.174       7.982
   46    121.8641      121.3339        123.5106      0.175       8.156
   47    121.6326      121.3339        123.4803      0.175       8.332
   48    121.7449      121.3339        123.4470      0.177       8.509
   49    121.6968      121.3339        123.4851      0.174       8.683
   50    121.6176      121.3339        123.4870      0.183       8.866
   51    121.7224      121.3339        123.4948      0.184       9.049
   52    121.6592      121.3339        123.3831      0.173       9.223
   53    121.7397      121.3339        123.4149      0.179       9.401
   54    121.8782      121.3339        123.4139      0.176       9.578
   55    121.9843      121.3339        123.4644      0.173       9.751
   56    121.8842      121.3339        123.5184      0.175       9.926
   57    121.6378      121.3339        123.4436      0.175      10.101
   58    121.4596      121.3339        123.4444      0.175      10.277
   59    121.7322      121.3339        123.4837      0.176      10.453
   60    121.5314      121.3339        123.4350      0.173      10.626
   61    121.7228      121.3339        123.4458      0.175      10.801
   62    122.0604      121.3339        123.4621      0.175      10.976
   63    121.7270      121.3339        123.4953      0.175      11.150
   64    121.9818      121.3339        123.4374      0.174      11.325
   65    121.7607      121.3339        123.4540      0.187      11.512
   66    121.8651      121.3339        123.5022      0.182      11.694
   67    121.9584      121.3339        123.4597      0.175      11.869
   68    121.5718      121.3339        123.4271      0.174      12.043
   69    121.8013      121.3339        123.5049      0.175      12.218
   70    121.9879      121.3339        123.4471      0.174      12.392
   71    121.9673      121.3339        123.4781      0.173      12.565
   72    121.4819      121.3339        123.4360      0.176      12.741
   73    121.8095      121.3339        123.4256      0.171      12.912
   74    121.7670      121.3339        123.4267      0.170      13.082
   75    121.5583      121.3339        123.3952      0.174      13.257
   76    121.8234      121.3339        123.4291      0.173      13.430
   77    121.5357      121.3339        123.3998      0.177      13.607
   78    121.5024      121.3339        123.3999      0.175      13.782
   79    121.4950      121.3339        123.3814      0.174      13.956
   80    121.4085      121.3339        123.3870      0.176      14.132
   81    121.5060      121.3339        123.3622      0.174      14.306
   82    121.2441      121.2441        123.3041      0.177      14.483
   83    121.5953      121.2441        123.4253      0.177      14.660
   84    121.5084      121.2441        123.3791      0.175      14.835
   85    121.6396      121.2441        123.4311      0.174      15.009
   86    121.6801      121.2441        123.4203      0.175      15.184
   87    121.6442      121.2441        123.3603      0.176      15.360
   88    121.4011      121.2441        123.4202      0.176      15.536
   89    121.5821      121.2441        123.3661      0.174      15.710
   90    121.6494      121.2441        123.4064      0.175      15.885
   91    121.7111      121.2441        123.3220      0.174      16.059
   92    121.3988      121.2441        123.3400      0.177      16.236
   93    121.2057      121.2057        123.3456      0.173      16.409
   94    121.5490      121.2057        123.3401      0.175      16.584
   95    121.5142      121.2057        123.3501      0.176      16.760
   96    121.5417      121.2057        123.3565      0.172      16.932
   97    121.9227      121.2057        123.3899      0.175      17.108
   98    121.4739      121.2057        123.3556      0.172      17.280
   99    121.8180      121.2057        123.4439      0.175      17.455
  100    121.6369      121.2057        123.3927      0.176      17.632
# ---- resumen ----
n=20000 m=500 iters=100 tour_valido=SI L_mejor=121.20573 (verificado 121.20573) L_nn=123.76400 mejora_vs_nn=2.07%
unidades_originales: factor_escala=0.999818 L_mejor=121.18369 L_nn=123.74150
tiempo: preparacion=0.067 s  ACO=17.632 s  total=17.704 s  (0.1763 s/iter)
memoria: pico RSS=14.3 MB (tras KNN 6.3 MB) | matrices densas D+T serian 3.200 GB
CSV,20000,500,8,1,100,121.205729,123.764002,0.067,17.632,14.3
