# n=20 m=2048 K=19 alpha=1.50 beta=5.00 rho=0.10 two=1 alpha2=1.00 hilos=12 semilla=3
# preparacion (puntos+rejilla+KNN): 0.002 s | L_nn=5.2806
# iter  mejor_iter  mejor_global  media_hormigas  t_iter(s)  t_total(s)
    1      4.7457        4.7457          6.0493      0.001       0.001
    2      4.7396        4.7396          5.4829      0.001       0.003
    3      4.7396        4.7396          5.3150      0.001       0.004
    4      4.7396        4.7396          5.2613      0.001       0.006
    5      4.7396        4.7396          5.2473      0.001       0.007
    6      4.7396        4.7396          5.2134      0.001       0.008
    7      4.7396        4.7396          5.2010      0.001       0.010
    8      4.7396        4.7396          5.1875      0.002       0.011
    9      4.7396        4.7396          5.1821      0.002       0.013
   10      4.7396        4.7396          5.1611      0.002       0.014
   11      4.7396        4.7396          5.1586      0.002       0.016
   12      4.7396        4.7396          5.1453      0.002       0.018
   13      4.7396        4.7396          5.1307      0.002       0.019
   14      4.7396        4.7396          5.1047      0.002       0.021
   15      4.7396        4.7396          5.0649      0.002       0.022
   16      4.7396        4.7396          5.0645      0.002       0.024
   17      4.7396        4.7396          5.0196      0.002       0.026
   18      4.7396        4.7396          4.9810      0.002       0.027
   19      4.7396        4.7396          4.9615      0.002       0.029
   20      4.7396        4.7396          4.9260      0.002       0.031
   21      4.7396        4.7396          4.8908      0.002       0.033
   22      4.7396        4.7396          4.8452      0.002       0.034
   23      4.7396        4.7396          4.8298      0.002       0.036
   24      4.7396        4.7396          4.8161      0.002       0.038
   25      4.7396        4.7396          4.7929      0.002       0.040
   26      4.7396        4.7396          4.7791      0.002       0.041
   27      4.7396        4.7396          4.7740      0.002       0.043
   28      4.7396        4.7396          4.7674      0.002       0.045
   29      4.7396        4.7396          4.7590      0.002       0.047
   30      4.7396        4.7396          4.7553      0.002       0.048
   31      4.7396        4.7396          4.7528      0.002       0.050
   32      4.7396        4.7396          4.7466      0.002       0.052
   33      4.7396        4.7396          4.7462      0.002       0.054
   34      4.7396        4.7396          4.7468      0.002       0.055
   35      4.7396        4.7396          4.7447      0.002       0.057
   36      4.7396        4.7396          4.7416      0.002       0.059
   37      4.7396        4.7396          4.7426      0.002       0.061
   38      4.7396        4.7396          4.7411      0.002       0.063
   39      4.7396        4.7396          4.7415      0.002       0.065
   40      4.7396        4.7396          4.7411      0.002       0.066
   41      4.7396        4.7396          4.7403      0.002       0.068
   42      4.7396        4.7396          4.7401      0.002       0.070
   43      4.7396        4.7396          4.7398      0.002       0.071
   44      4.7396        4.7396          4.7399      0.002       0.073
   45      4.7396        4.7396          4.7404      0.002       0.075
   46      4.7396        4.7396          4.7401      0.002       0.077
   47      4.7396        4.7396          4.7396      0.002       0.078
   48      4.7396        4.7396          4.7401      0.002       0.080
   49      4.7396        4.7396          4.7397      0.002       0.082
   50      4.7396        4.7396          4.7397      0.002       0.084
   51      4.7396        4.7396          4.7396      0.002       0.085
   52      4.7396        4.7396          4.7396      0.002       0.087
   53      4.7396        4.7396          4.7400      0.002       0.089
   54      4.7396        4.7396          4.7397      0.002       0.091
   55      4.7396        4.7396          4.7396      0.002       0.092
   56      4.7396        4.7396          4.7396      0.002       0.094
   57      4.7396        4.7396          4.7397      0.002       0.096
   58      4.7396        4.7396          4.7396      0.002       0.098
   59      4.7396        4.7396          4.7397      0.002       0.099
   60      4.7396        4.7396          4.7396      0.002       0.101
   61      4.7396        4.7396          4.7396      0.002       0.103
   62      4.7396        4.7396          4.7396      0.002       0.104
   63      4.7396        4.7396          4.7396      0.002       0.107
   64      4.7396        4.7396          4.7396      0.002       0.109
   65      4.7396        4.7396          4.7396      0.002       0.110
   66      4.7396        4.7396          4.7397      0.002       0.112
   67      4.7396        4.7396          4.7396      0.002       0.114
   68      4.7396        4.7396          4.7396      0.002       0.115
   69      4.7396        4.7396          4.7396      0.002       0.117
   70      4.7396        4.7396          4.7396      0.002       0.119
   71      4.7396        4.7396          4.7396      0.002       0.120
   72      4.7396        4.7396          4.7396      0.002       0.122
   73      4.7396        4.7396          4.7396      0.002       0.124
   74      4.7396        4.7396          4.7396      0.002       0.125
   75      4.7396        4.7396          4.7396      0.002       0.127
   76      4.7396        4.7396          4.7396      0.002       0.129
   77      4.7396        4.7396          4.7396      0.002       0.131
   78      4.7396        4.7396          4.7396      0.002       0.132
   79      4.7396        4.7396          4.7396      0.002       0.134
   80      4.7396        4.7396          4.7396      0.002       0.136
   81      4.7396        4.7396          4.7396      0.002       0.138
   82      4.7396        4.7396          4.7396      0.002       0.139
   83      4.7396        4.7396          4.7396      0.002       0.141
   84      4.7396        4.7396          4.7396      0.002       0.143
   85      4.7396        4.7396          4.7396      0.002       0.145
   86      4.7396        4.7396          4.7396      0.002       0.146
   87      4.7396        4.7396          4.7396      0.002       0.148
   88      4.7396        4.7396          4.7396      0.002       0.150
   89      4.7396        4.7396          4.7396      0.002       0.151
   90      4.7396        4.7396          4.7396      0.002       0.153
   91      4.7396        4.7396          4.7396      0.002       0.155
   92      4.7396        4.7396          4.7396      0.002       0.157
   93      4.7396        4.7396          4.7396      0.002       0.159
   94      4.7396        4.7396          4.7396      0.002       0.160
   95      4.7396        4.7396          4.7396      0.002       0.162
   96      4.7396        4.7396          4.7396      0.002       0.164
   97      4.7396        4.7396          4.7396      0.002       0.166
   98      4.7396        4.7396          4.7396      0.002       0.168
   99      4.7396        4.7396          4.7396      0.002       0.169
  100      4.7396        4.7396          4.7396      0.002       0.171
# ---- resumen ----
n=20 m=2048 iters=100 tour_valido=SI L_mejor=4.73960 (verificado 4.73960) L_nn=5.28061 mejora_vs_nn=10.25%
unidades_originales: factor_escala=0.998246 L_mejor=4.73128 L_nn=5.27135
tiempo: preparacion=0.002 s  ACO=0.171 s  total=0.173 s  (0.0017 s/iter)
memoria: pico RSS=4.5 MB (tras KNN 4.5 MB) | matrices densas D+T serian 0.000 GB
CSV,20,2048,19,1,100,4.739595,5.280610,0.002,0.171,4.5
