# n=20 m=50 K=19 alpha=1.50 beta=5.00 rho=0.10 two=1 alpha2=1.00 hilos=12 semilla=2
# preparacion (puntos+rejilla+KNN): 0.002 s | L_nn=4.3910
# iter  mejor_iter  mejor_global  media_hormigas  t_iter(s)  t_total(s)
    1      4.1614        4.1614          5.3114      0.001       0.001
    2      4.1428        4.1428          4.7838      0.001       0.001
    3      4.1428        4.1428          4.6796      0.001       0.002
    4      4.1198        4.1198          4.5008      0.001       0.002
    5      4.1428        4.1198          4.4945      0.001       0.003
    6      4.1198        4.1198          4.3865      0.001       0.003
    7      4.1428        4.1198          4.4249      0.001       0.004
    8      4.1198        4.1198          4.4447      0.000       0.005
    9      4.1198        4.1198          4.3429      0.000       0.005
   10      4.1198        4.1198          4.4357      0.001       0.006
   11      4.1198        4.1198          4.4199      0.000       0.006
   12      4.1198        4.1198          4.3470      0.001       0.007
   13      4.1198        4.1198          4.3247      0.000       0.007
   14      4.1198        4.1198          4.2662      0.000       0.008
   15      4.1198        4.1198          4.2314      0.000       0.008
   16      4.1198        4.1198          4.1440      0.001       0.009
   17      4.1198        4.1198          4.1901      0.000       0.009
   18      4.1198        4.1198          4.1524      0.000       0.010
   19      4.1198        4.1198          4.1502      0.000       0.010
   20      4.1198        4.1198          4.1431      0.001       0.011
   21      4.1198        4.1198          4.1208      0.001       0.011
   22      4.1198        4.1198          4.1436      0.001       0.012
   23      4.1198        4.1198          4.1207      0.000       0.012
   24      4.1198        4.1198          4.1203      0.001       0.013
   25      4.1198        4.1198          4.1198      0.001       0.013
   26      4.1198        4.1198          4.1198      0.001       0.014
   27      4.1198        4.1198          4.1198      0.001       0.014
   28      4.1198        4.1198          4.1198      0.001       0.015
   29      4.1198        4.1198          4.1198      0.001       0.015
   30      4.1198        4.1198          4.1198      0.001       0.016
   31      4.1198        4.1198          4.1198      0.001       0.017
   32      4.1198        4.1198          4.1198      0.001       0.017
   33      4.1198        4.1198          4.1198      0.001       0.018
   34      4.1198        4.1198          4.1198      0.001       0.018
   35      4.1198        4.1198          4.1198      0.001       0.019
   36      4.1198        4.1198          4.1198      0.001       0.019
   37      4.1198        4.1198          4.1198      0.001       0.020
   38      4.1198        4.1198          4.1198      0.001       0.020
   39      4.1198        4.1198          4.1198      0.001       0.021
   40      4.1198        4.1198          4.1198      0.001       0.022
   41      4.1198        4.1198          4.1198      0.001       0.022
   42      4.1198        4.1198          4.1198      0.001       0.023
   43      4.1198        4.1198          4.1198      0.000       0.023
   44      4.1198        4.1198          4.1198      0.001       0.024
   45      4.1198        4.1198          4.1198      0.001       0.024
   46      4.1198        4.1198          4.1198      0.001       0.025
   47      4.1198        4.1198          4.1198      0.001       0.025
   48      4.1198        4.1198          4.1198      0.001       0.026
   49      4.1198        4.1198          4.1198      0.001       0.026
   50      4.1198        4.1198          4.1198      0.001       0.027
   51      4.1198        4.1198          4.1198      0.001       0.027
   52      4.1198        4.1198          4.1198      0.001       0.028
   53      4.1198        4.1198          4.1198      0.001       0.029
   54      4.1198        4.1198          4.1198      0.001       0.029
   55      4.1198        4.1198          4.1198      0.001       0.030
   56      4.1198        4.1198          4.1198      0.000       0.030
   57      4.1198        4.1198          4.1198      0.001       0.031
   58      4.1198        4.1198          4.1198      0.001       0.031
   59      4.1198        4.1198          4.1198      0.001       0.032
   60      4.1198        4.1198          4.1198      0.001       0.032
   61      4.1198        4.1198          4.1198      0.001       0.033
   62      4.1198        4.1198          4.1198      0.001       0.034
   63      4.1198        4.1198          4.1198      0.001       0.034
   64      4.1198        4.1198          4.1198      0.001       0.035
   65      4.1198        4.1198          4.1198      0.001       0.035
   66      4.1198        4.1198          4.1198      0.001       0.036
   67      4.1198        4.1198          4.1198      0.001       0.037
   68      4.1198        4.1198          4.1198      0.001       0.037
   69      4.1198        4.1198          4.1198      0.001       0.038
   70      4.1198        4.1198          4.1198      0.001       0.038
   71      4.1198        4.1198          4.1198      0.001       0.039
   72      4.1198        4.1198          4.1198      0.001       0.039
   73      4.1198        4.1198          4.1198      0.000       0.040
   74      4.1198        4.1198          4.1198      0.001       0.040
   75      4.1198        4.1198          4.1198      0.001       0.041
   76      4.1198        4.1198          4.1198      0.001       0.042
   77      4.1198        4.1198          4.1198      0.000       0.042
   78      4.1198        4.1198          4.1198      0.001       0.043
   79      4.1198        4.1198          4.1198      0.001       0.043
   80      4.1198        4.1198          4.1198      0.001       0.044
   81      4.1198        4.1198          4.1198      0.001       0.044
   82      4.1198        4.1198          4.1198      0.000       0.045
   83      4.1198        4.1198          4.1198      0.001       0.045
   84      4.1198        4.1198          4.1198      0.001       0.046
   85      4.1198        4.1198          4.1198      0.001       0.046
   86      4.1198        4.1198          4.1198      0.001       0.047
   87      4.1198        4.1198          4.1198      0.001       0.047
   88      4.1198        4.1198          4.1198      0.000       0.048
   89      4.1198        4.1198          4.1198      0.001       0.049
   90      4.1198        4.1198          4.1198      0.001       0.049
   91      4.1198        4.1198          4.1198      0.001       0.050
   92      4.1198        4.1198          4.1198      0.001       0.050
   93      4.1198        4.1198          4.1198      0.001       0.051
   94      4.1198        4.1198          4.1198      0.001       0.051
   95      4.1198        4.1198          4.1198      0.001       0.052
   96      4.1198        4.1198          4.1198      0.001       0.053
   97      4.1198        4.1198          4.1198      0.001       0.053
   98      4.1198        4.1198          4.1198      0.001       0.054
   99      4.1198        4.1198          4.1198      0.001       0.054
  100      4.1198        4.1198          4.1198      0.001       0.055
# ---- resumen ----
n=20 m=50 iters=100 tour_valido=SI L_mejor=4.11984 (verificado 4.11984) L_nn=4.39097 mejora_vs_nn=6.17%
unidades_originales: factor_escala=0.933276 L_mejor=3.84495 L_nn=4.09799
tiempo: preparacion=0.002 s  ACO=0.055 s  total=0.057 s  (0.0006 s/iter)
memoria: pico RSS=4.5 MB (tras KNN 4.5 MB) | matrices densas D+T serian 0.000 GB
CSV,20,50,19,1,100,4.119845,4.390969,0.002,0.055,4.5
