# n=200 m=50 K=8 alpha=1.50 beta=5.00 rho=0.10 two=1 alpha2=1.00 hilos=12 semilla=3
# preparacion (puntos+rejilla+KNN): 0.003 s | L_nn=14.5673
# iter  mejor_iter  mejor_global  media_hormigas  t_iter(s)  t_total(s)
    1     13.5549       13.5549         14.5424      0.001       0.001
    2     12.3540       12.3540         13.9133      0.001       0.001
    3     12.6626       12.3540         13.5169      0.001       0.002
    4     12.6468       12.3540         13.3539      0.001       0.003
    5     12.6118       12.3540         13.5438      0.001       0.003
    6     12.4597       12.3540         13.3088      0.001       0.004
    7     12.4609       12.3540         13.4371      0.001       0.005
    8     12.3328       12.3328         13.4864      0.001       0.005
    9     12.5814       12.3328         13.4171      0.001       0.006
   10     12.5522       12.3328         13.4458      0.001       0.006
   11     12.1253       12.1253         13.5153      0.001       0.007
   12     12.1499       12.1253         13.2834      0.001       0.008
   13     12.1546       12.1253         13.2001      0.001       0.008
   14     12.2654       12.1253         13.1583      0.001       0.009
   15     12.1610       12.1253         13.1488      0.001       0.010
   16     12.0401       12.0401         13.0909      0.001       0.010
   17     12.0401       12.0401         13.1573      0.001       0.011
   18     12.0906       12.0401         13.1001      0.001       0.011
   19     12.1253       12.0401         12.9949      0.001       0.012
   20     12.1417       12.0401         13.1332      0.001       0.013
   21     12.1253       12.0401         13.2054      0.001       0.013
   22     12.0733       12.0401         13.1178      0.001       0.014
   23     12.1253       12.0401         12.9381      0.001       0.015
   24     12.1253       12.0401         13.0418      0.001       0.015
   25     12.1253       12.0401         13.1607      0.001       0.016
   26     12.2242       12.0401         13.1609      0.001       0.017
   27     12.0966       12.0401         13.0586      0.001       0.017
   28     12.0733       12.0401         13.1286      0.001       0.018
   29     12.0401       12.0401         13.0630      0.001       0.019
   30     12.1253       12.0401         13.2089      0.001       0.020
   31     12.1253       12.0401         13.1292      0.001       0.021
   32     12.1253       12.0401         13.1006      0.001       0.021
   33     12.0733       12.0401         13.0791      0.001       0.022
   34     12.1253       12.0401         13.1781      0.001       0.023
   35     12.1253       12.0401         13.3099      0.001       0.023
   36     12.0992       12.0401         13.1427      0.001       0.024
   37     12.2006       12.0401         13.1978      0.001       0.025
   38     12.1295       12.0401         13.2285      0.001       0.025
   39     12.1253       12.0401         13.2533      0.001       0.026
   40     12.0992       12.0401         13.2558      0.001       0.027
   41     12.0992       12.0401         13.2334      0.001       0.027
   42     12.1253       12.0401         13.1482      0.001       0.028
   43     12.0401       12.0401         13.2440      0.001       0.029
   44     12.0992       12.0401         13.2956      0.001       0.029
   45     12.1253       12.0401         13.0715      0.001       0.030
   46     12.0400       12.0400         13.4018      0.001       0.031
   47     12.0725       12.0400         13.0593      0.001       0.031
   48     12.1610       12.0400         13.2311      0.001       0.032
   49     12.0401       12.0400         13.3333      0.001       0.033
   50     12.0401       12.0400         13.3206      0.001       0.033
   51     12.0400       12.0400         13.2741      0.001       0.034
   52     12.1253       12.0400         13.2266      0.001       0.035
   53     12.1253       12.0400         13.2321      0.001       0.036
   54     12.1253       12.0400         13.2451      0.001       0.036
   55     12.0706       12.0400         13.1001      0.001       0.037
   56     12.0725       12.0400         13.0064      0.001       0.038
   57     12.0321       12.0321         13.1053      0.001       0.038
   58     12.0321       12.0321         12.8542      0.001       0.039
   59     12.0150       12.0150         12.8753      0.001       0.040
   60     12.0552       12.0150         13.0203      0.001       0.040
   61     12.0150       12.0150         12.8030      0.001       0.041
   62     12.0151       12.0150         12.8050      0.001       0.042
   63     12.0321       12.0150         12.9681      0.001       0.042
   64     11.9331       11.9331         12.7814      0.001       0.043
   65     12.0151       11.9331         12.7509      0.001       0.044
   66     12.0029       11.9331         12.7878      0.001       0.044
   67     12.0028       11.9331         12.7529      0.001       0.045
   68     12.0168       11.9331         12.8197      0.001       0.046
   69     11.9331       11.9331         12.8033      0.001       0.046
   70     12.0537       11.9331         12.9779      0.001       0.047
   71     12.0347       11.9331         12.8832      0.001       0.048
   72     12.0347       11.9331         12.9982      0.001       0.048
   73     12.0400       11.9331         12.8972      0.001       0.049
   74     12.0036       11.9331         12.8980      0.001       0.050
   75     12.0151       11.9331         12.8745      0.001       0.050
   76     11.9331       11.9331         12.9470      0.001       0.051
   77     12.0134       11.9331         12.8667      0.001       0.052
   78     12.0400       11.9331         12.8457      0.001       0.053
   79     11.9331       11.9331         12.9354      0.001       0.053
   80     12.0134       11.9331         12.9056      0.001       0.054
   81     12.0537       11.9331         12.9450      0.001       0.055
   82     12.0036       11.9331         12.9416      0.001       0.055
   83     12.0036       11.9331         13.0665      0.001       0.056
   84     12.0150       11.9331         12.8680      0.001       0.057
   85     12.0537       11.9331         12.9617      0.001       0.058
   86     12.1001       11.9331         13.0462      0.001       0.058
   87     11.9331       11.9331         12.9692      0.001       0.059
   88     12.0134       11.9331         13.0343      0.001       0.060
   89     12.0400       11.9331         13.0158      0.001       0.060
   90     12.0134       11.9331         12.9529      0.001       0.061
   91     12.0150       11.9331         12.8819      0.001       0.062
   92     11.9331       11.9331         12.8912      0.001       0.062
   93     12.0537       11.9331         13.1342      0.001       0.063
   94     12.0036       11.9331         12.9705      0.001       0.064
   95     11.9331       11.9331         12.9646      0.001       0.065
   96     11.9331       11.9331         13.0332      0.001       0.065
   97     12.0400       11.9331         12.9250      0.001       0.066
   98     11.9331       11.9331         12.8550      0.001       0.067
   99     11.9331       11.9331         13.0099      0.001       0.067
  100     11.9331       11.9331         12.8755      0.001       0.068
# ---- resumen ----
n=200 m=50 iters=100 tour_valido=SI L_mejor=11.93307 (verificado 11.93307) L_nn=14.56735 mejora_vs_nn=18.08%
unidades_originales: factor_escala=0.998083 L_mejor=11.91019 L_nn=14.53942
tiempo: preparacion=0.003 s  ACO=0.068 s  total=0.071 s  (0.0007 s/iter)
memoria: pico RSS=4.6 MB (tras KNN 4.5 MB) | matrices densas D+T serian 0.000 GB
CSV,200,50,8,1,100,11.933069,14.567346,0.003,0.068,4.6
