# n=200 m=50 K=8 alpha=1.50 beta=5.00 rho=0.10 two=1 alpha2=1.00 hilos=12 semilla=1
# preparacion (puntos+rejilla+KNN): 0.003 s | L_nn=14.0336
# iter  mejor_iter  mejor_global  media_hormigas  t_iter(s)  t_total(s)
    1     13.1599       13.1599         14.3257      0.001       0.001
    2     12.8406       12.8406         13.9117      0.001       0.001
    3     12.5515       12.5515         13.5466      0.001       0.002
    4     12.5883       12.5515         13.6281      0.001       0.003
    5     12.5101       12.5101         13.5890      0.001       0.003
    6     12.5105       12.5101         13.4790      0.001       0.004
    7     12.3874       12.3874         13.4737      0.001       0.004
    8     12.3559       12.3559         13.5704      0.001       0.005
    9     12.4911       12.3559         13.4863      0.001       0.006
   10     12.4370       12.3559         13.6159      0.001       0.006
   11     12.6590       12.3559         13.4248      0.001       0.007
   12     12.3814       12.3559         13.5082      0.001       0.008
   13     12.2532       12.2532         13.2822      0.001       0.008
   14     12.3044       12.2532         13.4355      0.001       0.009
   15     12.2884       12.2532         13.3249      0.001       0.010
   16     12.2987       12.2532         13.4104      0.001       0.010
   17     12.0846       12.0846         13.3248      0.001       0.011
   18     12.1793       12.0846         13.2252      0.001       0.012
   19     12.0357       12.0357         13.2745      0.001       0.012
   20     12.1658       12.0357         13.1384      0.001       0.013
   21     12.2672       12.0357         13.1771      0.001       0.014
   22     12.1068       12.0357         13.1302      0.001       0.014
   23     12.1813       12.0357         13.1991      0.001       0.015
   24     12.0846       12.0357         13.2262      0.001       0.016
   25     12.0628       12.0357         13.3272      0.001       0.016
   26     12.1861       12.0357         13.0871      0.001       0.017
   27     12.0823       12.0357         13.1657      0.001       0.018
   28     12.0510       12.0357         13.1701      0.001       0.018
   29     12.1989       12.0357         13.2015      0.001       0.019
   30     11.9857       11.9857         13.1973      0.001       0.020
   31     11.9791       11.9791         13.0593      0.001       0.020
   32     12.0357       11.9791         13.0594      0.001       0.021
   33     11.9857       11.9791         12.9406      0.001       0.022
   34     11.9857       11.9791         13.0245      0.001       0.023
   35     12.0741       11.9791         12.9300      0.001       0.023
   36     12.0357       11.9791         12.8804      0.001       0.024
   37     11.9857       11.9791         12.8808      0.001       0.025
   38     11.9857       11.9791         12.9261      0.001       0.025
   39     11.9380       11.9380         12.9308      0.001       0.026
   40     11.9857       11.9380         12.8462      0.001       0.027
   41     11.9380       11.9380         12.8551      0.001       0.027
   42     11.9857       11.9380         12.7763      0.001       0.028
   43     11.9857       11.9380         12.8170      0.001       0.029
   44     11.9273       11.9273         12.8556      0.001       0.029
   45     12.0617       11.9273         12.8172      0.001       0.030
   46     12.0357       11.9273         12.7970      0.001       0.031
   47     11.9791       11.9273         12.8010      0.001       0.031
   48     11.9857       11.9273         12.8475      0.001       0.032
   49     11.9857       11.9273         12.7944      0.001       0.033
   50     11.9857       11.9273         12.7488      0.001       0.033
   51     11.9857       11.9273         12.7411      0.001       0.034
   52     11.9857       11.9273         12.6998      0.001       0.035
   53     11.9857       11.9273         12.7497      0.001       0.036
   54     11.9570       11.9273         12.7546      0.001       0.036
   55     11.9791       11.9273         12.6785      0.001       0.037
   56     11.9857       11.9273         12.6456      0.001       0.038
   57     11.9380       11.9273         12.7129      0.001       0.038
   58     11.9857       11.9273         12.7143      0.001       0.039
   59     11.9273       11.9273         12.6256      0.001       0.040
   60     11.9791       11.9273         12.7572      0.001       0.041
   61     11.9791       11.9273         12.7128      0.001       0.041
   62     11.9857       11.9273         12.7832      0.001       0.042
   63     11.9857       11.9273         12.6791      0.001       0.043
   64     11.9273       11.9273         12.7359      0.001       0.043
   65     11.9857       11.9273         12.6645      0.001       0.044
   66     11.9857       11.9273         12.7774      0.001       0.045
   67     11.9857       11.9273         12.7621      0.001       0.045
   68     11.9857       11.9273         12.6756      0.001       0.046
   69     11.9857       11.9273         12.7745      0.001       0.047
   70     11.9857       11.9273         12.6564      0.001       0.048
   71     11.9273       11.9273         12.6514      0.001       0.048
   72     11.9857       11.9273         12.6041      0.001       0.049
   73     11.9857       11.9273         12.6812      0.001       0.050
   74     11.9857       11.9273         12.6539      0.001       0.050
   75     11.9857       11.9273         12.8004      0.001       0.051
   76     11.9273       11.9273         12.7453      0.001       0.052
   77     12.0287       11.9273         12.7290      0.001       0.052
   78     11.9380       11.9273         12.7088      0.001       0.053
   79     11.9857       11.9273         12.7597      0.001       0.054
   80     11.9857       11.9273         12.7257      0.001       0.054
   81     11.9857       11.9273         12.6439      0.001       0.055
   82     11.9857       11.9273         12.7320      0.001       0.056
   83     11.9273       11.9273         12.7702      0.001       0.056
   84     11.9857       11.9273         12.6364      0.001       0.057
   85     11.9380       11.9273         12.7375      0.001       0.058
   86     11.9273       11.9273         12.6314      0.001       0.059
   87     11.9857       11.9273         12.6879      0.001       0.059
   88     11.9857       11.9273         12.7434      0.001       0.060
   89     11.9033       11.9033         12.6787      0.001       0.061
   90     11.9791       11.9033         12.6301      0.001       0.061
   91     11.8491       11.8491         12.7088      0.001       0.062
   92     11.8808       11.8491         12.6181      0.001       0.063
   93     11.9857       11.8491         12.5239      0.001       0.063
   94     11.9521       11.8491         12.6787      0.001       0.064
   95     11.7731       11.7731         12.6955      0.001       0.065
   96     11.8227       11.7731         12.6377      0.001       0.065
   97     11.9391       11.7731         12.6773      0.001       0.066
   98     11.8225       11.7731         12.4975      0.001       0.067
   99     11.7896       11.7731         12.5496      0.001       0.068
  100     11.7868       11.7731         12.5270      0.001       0.068
# ---- resumen ----
n=200 m=50 iters=100 tour_valido=SI L_mejor=11.77315 (verificado 11.77315) L_nn=14.03360 mejora_vs_nn=16.11%
unidades_originales: factor_escala=0.996455 L_mejor=11.73141 L_nn=13.98385
tiempo: preparacion=0.003 s  ACO=0.068 s  total=0.071 s  (0.0007 s/iter)
memoria: pico RSS=4.6 MB (tras KNN 4.5 MB) | matrices densas D+T serian 0.000 GB
CSV,200,50,8,1,100,11.773149,14.033602,0.003,0.068,4.6
