# n=20 m=2048 K=19 alpha=1.50 beta=5.00 rho=0.10 two=1 alpha2=1.00 hilos=12 semilla=2
# preparacion (puntos+rejilla+KNN): 0.002 s | L_nn=4.3910
# iter  mejor_iter  mejor_global  media_hormigas  t_iter(s)  t_total(s)
    1      4.1198        4.1198          5.3709      0.002       0.002
    2      4.1198        4.1198          4.8527      0.002       0.003
    3      4.1198        4.1198          4.6091      0.002       0.005
    4      4.1198        4.1198          4.4087      0.002       0.006
    5      4.1198        4.1198          4.2847      0.002       0.008
    6      4.1198        4.1198          4.2110      0.002       0.009
    7      4.1198        4.1198          4.1686      0.002       0.011
    8      4.1198        4.1198          4.1486      0.002       0.013
    9      4.1198        4.1198          4.1355      0.002       0.014
   10      4.1198        4.1198          4.1317      0.002       0.016
   11      4.1198        4.1198          4.1267      0.002       0.018
   12      4.1198        4.1198          4.1244      0.002       0.020
   13      4.1198        4.1198          4.1248      0.002       0.021
   14      4.1198        4.1198          4.1214      0.002       0.023
   15      4.1198        4.1198          4.1216      0.002       0.025
   16      4.1198        4.1198          4.1199      0.002       0.026
   17      4.1198        4.1198          4.1213      0.002       0.028
   18      4.1198        4.1198          4.1199      0.002       0.030
   19      4.1198        4.1198          4.1211      0.002       0.032
   20      4.1198        4.1198          4.1199      0.002       0.034
   21      4.1198        4.1198          4.1199      0.002       0.035
   22      4.1198        4.1198          4.1199      0.002       0.037
   23      4.1198        4.1198          4.1199      0.002       0.039
   24      4.1198        4.1198          4.1198      0.002       0.041
   25      4.1198        4.1198          4.1198      0.002       0.042
   26      4.1198        4.1198          4.1198      0.002       0.044
   27      4.1198        4.1198          4.1198      0.002       0.046
   28      4.1198        4.1198          4.1199      0.002       0.048
   29      4.1198        4.1198          4.1198      0.002       0.049
   30      4.1198        4.1198          4.1198      0.002       0.051
   31      4.1198        4.1198          4.1199      0.002       0.053
   32      4.1198        4.1198          4.1198      0.002       0.054
   33      4.1198        4.1198          4.1198      0.002       0.056
   34      4.1198        4.1198          4.1198      0.002       0.058
   35      4.1198        4.1198          4.1198      0.002       0.060
   36      4.1198        4.1198          4.1198      0.002       0.061
   37      4.1198        4.1198          4.1198      0.002       0.063
   38      4.1198        4.1198          4.1198      0.002       0.065
   39      4.1198        4.1198          4.1198      0.002       0.067
   40      4.1198        4.1198          4.1198      0.002       0.069
   41      4.1198        4.1198          4.1198      0.002       0.070
   42      4.1198        4.1198          4.1198      0.002       0.072
   43      4.1198        4.1198          4.1198      0.002       0.074
   44      4.1198        4.1198          4.1198      0.002       0.075
   45      4.1198        4.1198          4.1198      0.002       0.077
   46      4.1198        4.1198          4.1198      0.002       0.079
   47      4.1198        4.1198          4.1198      0.002       0.081
   48      4.1198        4.1198          4.1198      0.002       0.082
   49      4.1198        4.1198          4.1198      0.002       0.084
   50      4.1198        4.1198          4.1198      0.002       0.086
   51      4.1198        4.1198          4.1198      0.002       0.087
   52      4.1198        4.1198          4.1198      0.002       0.089
   53      4.1198        4.1198          4.1198      0.002       0.091
   54      4.1198        4.1198          4.1198      0.002       0.093
   55      4.1198        4.1198          4.1198      0.002       0.094
   56      4.1198        4.1198          4.1198      0.002       0.096
   57      4.1198        4.1198          4.1198      0.002       0.098
   58      4.1198        4.1198          4.1198      0.002       0.100
   59      4.1198        4.1198          4.1198      0.002       0.102
   60      4.1198        4.1198          4.1198      0.002       0.103
   61      4.1198        4.1198          4.1198      0.002       0.105
   62      4.1198        4.1198          4.1198      0.002       0.107
   63      4.1198        4.1198          4.1198      0.002       0.108
   64      4.1198        4.1198          4.1198      0.002       0.110
   65      4.1198        4.1198          4.1198      0.002       0.112
   66      4.1198        4.1198          4.1198      0.002       0.114
   67      4.1198        4.1198          4.1198      0.002       0.115
   68      4.1198        4.1198          4.1198      0.002       0.117
   69      4.1198        4.1198          4.1198      0.002       0.119
   70      4.1198        4.1198          4.1198      0.002       0.121
   71      4.1198        4.1198          4.1198      0.002       0.122
   72      4.1198        4.1198          4.1198      0.002       0.124
   73      4.1198        4.1198          4.1198      0.002       0.126
   74      4.1198        4.1198          4.1198      0.002       0.128
   75      4.1198        4.1198          4.1198      0.002       0.129
   76      4.1198        4.1198          4.1198      0.002       0.131
   77      4.1198        4.1198          4.1198      0.002       0.133
   78      4.1198        4.1198          4.1198      0.002       0.135
   79      4.1198        4.1198          4.1198      0.002       0.136
   80      4.1198        4.1198          4.1198      0.002       0.138
   81      4.1198        4.1198          4.1198      0.002       0.140
   82      4.1198        4.1198          4.1198      0.002       0.142
   83      4.1198        4.1198          4.1198      0.002       0.143
   84      4.1198        4.1198          4.1198      0.002       0.145
   85      4.1198        4.1198          4.1198      0.002       0.147
   86      4.1198        4.1198          4.1198      0.002       0.149
   87      4.1198        4.1198          4.1198      0.002       0.150
   88      4.1198        4.1198          4.1198      0.002       0.152
   89      4.1198        4.1198          4.1198      0.002       0.154
   90      4.1198        4.1198          4.1198      0.002       0.156
   91      4.1198        4.1198          4.1198      0.002       0.157
   92      4.1198        4.1198          4.1198      0.002       0.159
   93      4.1198        4.1198          4.1198      0.002       0.161
   94      4.1198        4.1198          4.1198      0.002       0.162
   95      4.1198        4.1198          4.1198      0.002       0.164
   96      4.1198        4.1198          4.1198      0.002       0.166
   97      4.1198        4.1198          4.1198      0.002       0.168
   98      4.1198        4.1198          4.1198      0.002       0.169
   99      4.1198        4.1198          4.1198      0.002       0.171
  100      4.1198        4.1198          4.1198      0.002       0.173
# ---- resumen ----
n=20 m=2048 iters=100 tour_valido=SI L_mejor=4.11984 (verificado 4.11984) L_nn=4.39097 mejora_vs_nn=6.17%
unidades_originales: factor_escala=0.933276 L_mejor=3.84495 L_nn=4.09799
tiempo: preparacion=0.002 s  ACO=0.173 s  total=0.175 s  (0.0017 s/iter)
memoria: pico RSS=4.5 MB (tras KNN 4.5 MB) | matrices densas D+T serian 0.000 GB
CSV,20,2048,19,1,100,4.119845,4.390969,0.002,0.173,4.5
