# n=20 particulas=2048 iters=100 w=0.70 c1=1.50 c2=1.50 hilos=12 semilla=1
# preparacion: 0.000 s | L_inicial=8.1121
# iter  mejor_global  t_iter(s)  t_total(s)
    1        8.1121      0.002       0.002
    2        7.9958      0.001       0.003
    3        7.6325      0.001       0.003
    4        7.3197      0.001       0.004
    5        6.6583      0.001       0.004
    6        5.8295      0.001       0.005
    7        5.8295      0.001       0.006
    8        5.8295      0.001       0.006
    9        5.8295      0.001       0.007
   10        5.8278      0.001       0.007
   11        5.8278      0.001       0.008
   12        5.7153      0.001       0.009
   13        5.6407      0.001       0.009
   14        5.6407      0.001       0.010
   15        5.6407      0.001       0.011
   16        5.6407      0.001       0.011
   17        5.6407      0.001       0.012
   18        5.6081      0.001       0.013
   19        5.5175      0.001       0.013
   20        5.5009      0.001       0.014
   21        5.4264      0.001       0.015
   22        5.4264      0.001       0.015
   23        5.4264      0.001       0.016
   24        5.4264      0.001       0.017
   25        5.4116      0.001       0.017
   26        5.4097      0.001       0.018
   27        5.4097      0.001       0.018
   28        5.4097      0.001       0.019
   29        5.3922      0.001       0.020
   30        5.3212      0.001       0.020
   31        5.3212      0.001       0.021
   32        5.3173      0.001       0.022
   33        5.3173      0.001       0.022
   34        5.3173      0.001       0.023
   35        5.3173      0.001       0.024
   36        5.3173      0.001       0.024
   37        5.2456      0.001       0.025
   38        5.2241      0.001       0.025
   39        5.2241      0.001       0.026
   40        5.2241      0.001       0.027
   41        5.2241      0.001       0.027
   42        5.2064      0.001       0.028
   43        5.2064      0.001       0.029
   44        5.2064      0.001       0.030
   45        5.1765      0.001       0.030
   46        5.1474      0.001       0.031
   47        5.0995      0.001       0.032
   48        5.0995      0.001       0.032
   49        5.0995      0.001       0.033
   50        5.0995      0.001       0.034
   51        5.0995      0.001       0.034
   52        5.0995      0.001       0.035
   53        5.0995      0.001       0.036
   54        5.0995      0.001       0.036
   55        4.9683      0.001       0.037
   56        4.9683      0.001       0.038
   57        4.9683      0.001       0.038
   58        4.9325      0.001       0.039
   59        4.9325      0.001       0.040
   60        4.9325      0.001       0.040
   61        4.9325      0.001       0.041
   62        4.9325      0.001       0.042
   63        4.9325      0.001       0.042
   64        4.9325      0.001       0.043
   65        4.9325      0.001       0.044
   66        4.9325      0.001       0.044
   67        4.9325      0.001       0.045
   68        4.9212      0.001       0.046
   69        4.8366      0.001       0.046
   70        4.8366      0.001       0.047
   71        4.8366      0.001       0.048
   72        4.8366      0.001       0.048
   73        4.8366      0.001       0.049
   74        4.8366      0.001       0.050
   75        4.8366      0.001       0.050
   76        4.8366      0.001       0.051
   77        4.8366      0.001       0.052
   78        4.8366      0.001       0.052
   79        4.8366      0.001       0.053
   80        4.8366      0.001       0.054
   81        4.8366      0.001       0.054
   82        4.8366      0.001       0.055
   83        4.8366      0.001       0.056
   84        4.8366      0.001       0.056
   85        4.8366      0.001       0.057
   86        4.8366      0.001       0.057
   87        4.8366      0.001       0.058
   88        4.8366      0.001       0.059
   89        4.8366      0.001       0.059
   90        4.8366      0.001       0.060
   91        4.8366      0.001       0.061
   92        4.8366      0.001       0.062
   93        4.8366      0.001       0.062
   94        4.8366      0.001       0.063
   95        4.8366      0.001       0.064
   96        4.8366      0.001       0.064
   97        4.8366      0.001       0.065
   98        4.8366      0.001       0.066
   99        4.8366      0.001       0.066
  100        4.8366      0.001       0.067
# ---- resumen ----
n=20 particulas=2048 iters=100 tour_valido=SI L_mejor=4.83664 (verificado 4.83664)
tiempo: preparacion=0.000 s  PSO=0.067 s  total=0.068 s  (0.0007 s/iter)
memoria: pico RSS=5.0 MB
CSV,20,2048,100,4.836642,0.000,0.067,5.0
