# n=200 particulas=50 iters=100 w=0.70 c1=1.50 c2=1.50 hilos=12 semilla=2
# preparacion: 0.001 s | L_inicial=94.2668
# iter  mejor_global  t_iter(s)  t_total(s)
    1       94.2668      0.002       0.002
    2       93.7396      0.000       0.002
    3       93.7396      0.000       0.002
    4       93.7396      0.000       0.003
    5       93.7396      0.000       0.003
    6       93.7396      0.000       0.003
    7       92.1044      0.000       0.004
    8       92.1044      0.000       0.004
    9       92.1044      0.000       0.004
   10       92.1044      0.000       0.004
   11       92.1044      0.000       0.005
   12       92.1044      0.000       0.005
   13       92.1044      0.000       0.005
   14       92.1044      0.000       0.005
   15       92.1044      0.000       0.006
   16       92.1044      0.000       0.006
   17       92.1044      0.000       0.006
   18       92.1044      0.000       0.007
   19       92.1044      0.000       0.007
   20       92.1044      0.000       0.007
   21       92.1044      0.000       0.007
   22       92.1044      0.000       0.008
   23       92.1044      0.000       0.008
   24       92.1044      0.000       0.008
   25       92.1044      0.000       0.009
   26       92.1044      0.000       0.009
   27       92.1044      0.000       0.009
   28       92.1044      0.000       0.009
   29       92.1044      0.000       0.010
   30       92.1044      0.000       0.010
   31       92.1044      0.000       0.010
   32       92.1044      0.000       0.011
   33       91.1793      0.000       0.011
   34       91.1793      0.000       0.011
   35       91.1793      0.000       0.011
   36       91.1793      0.000       0.012
   37       91.1793      0.000       0.012
   38       91.1793      0.000       0.012
   39       91.1793      0.000       0.013
   40       91.1793      0.000       0.013
   41       91.1793      0.000       0.013
   42       91.1793      0.000       0.014
   43       91.1793      0.000       0.014
   44       91.1793      0.000       0.014
   45       91.1793      0.000       0.014
   46       91.1793      0.000       0.015
   47       91.1793      0.000       0.015
   48       91.1793      0.000       0.015
   49       91.1793      0.000       0.015
   50       91.1793      0.000       0.016
   51       90.8807      0.000       0.016
   52       90.8807      0.000       0.016
   53       90.8807      0.000       0.017
   54       90.8807      0.000       0.017
   55       90.8807      0.000       0.017
   56       90.8807      0.000       0.017
   57       90.8807      0.000       0.018
   58       90.8807      0.000       0.018
   59       90.8807      0.000       0.018
   60       90.8807      0.000       0.019
   61       90.8807      0.000       0.019
   62       90.8807      0.000       0.019
   63       90.8807      0.000       0.019
   64       90.8807      0.000       0.020
   65       90.8807      0.000       0.020
   66       90.8807      0.000       0.020
   67       90.8807      0.000       0.021
   68       90.8807      0.000       0.021
   69       90.8807      0.000       0.021
   70       90.8807      0.000       0.021
   71       90.8807      0.000       0.022
   72       90.8807      0.000       0.022
   73       90.8807      0.000       0.022
   74       90.8807      0.000       0.023
   75       90.8807      0.000       0.023
   76       90.8807      0.000       0.023
   77       90.8807      0.000       0.023
   78       90.8807      0.000       0.024
   79       90.8807      0.000       0.024
   80       90.8807      0.000       0.024
   81       90.8807      0.000       0.025
   82       90.8807      0.000       0.025
   83       90.8807      0.000       0.025
   84       90.8807      0.000       0.025
   85       90.8807      0.000       0.026
   86       90.8807      0.000       0.026
   87       89.5585      0.000       0.026
   88       89.5585      0.000       0.027
   89       89.5585      0.000       0.027
   90       89.5585      0.000       0.027
   91       88.4593      0.000       0.027
   92       88.4593      0.000       0.028
   93       88.4593      0.000       0.028
   94       88.4593      0.000       0.028
   95       88.4593      0.000       0.029
   96       88.4593      0.000       0.029
   97       88.4593      0.000       0.029
   98       88.4593      0.000       0.030
   99       88.4593      0.000       0.030
  100       88.4593      0.000       0.030
# ---- resumen ----
n=200 particulas=50 iters=100 tour_valido=SI L_mejor=88.45927 (verificado 88.45927)
tiempo: preparacion=0.001 s  PSO=0.030 s  total=0.032 s  (0.0003 s/iter)
memoria: pico RSS=4.7 MB
CSV,200,50,100,88.459273,0.001,0.030,4.7
