# n=200 particulas=500 iters=100 w=0.70 c1=1.50 c2=1.50 hilos=12 semilla=2
# preparacion: 0.001 s | L_inicial=93.4109
# iter  mejor_global  t_iter(s)  t_total(s)
    1       93.4109      0.002       0.002
    2       92.2974      0.001       0.003
    3       92.2974      0.001       0.004
    4       91.6894      0.001       0.004
    5       91.6894      0.001       0.005
    6       91.6894      0.001       0.006
    7       91.6894      0.001       0.007
    8       91.1557      0.001       0.008
    9       91.1557      0.001       0.009
   10       91.1557      0.001       0.009
   11       91.1557      0.001       0.010
   12       91.1557      0.001       0.011
   13       91.1557      0.001       0.012
   14       91.0989      0.001       0.013
   15       91.0989      0.001       0.014
   16       88.7127      0.001       0.015
   17       88.7127      0.001       0.016
   18       88.7127      0.001       0.016
   19       88.7127      0.001       0.017
   20       88.7127      0.001       0.018
   21       88.7127      0.001       0.019
   22       88.7127      0.001       0.020
   23       88.7127      0.001       0.021
   24       88.7127      0.001       0.022
   25       88.7127      0.001       0.023
   26       88.7127      0.001       0.024
   27       88.7127      0.001       0.025
   28       88.7127      0.001       0.025
   29       88.7127      0.001       0.026
   30       88.7127      0.001       0.027
   31       88.7127      0.001       0.028
   32       88.7127      0.001       0.029
   33       88.7127      0.001       0.030
   34       87.7510      0.001       0.031
   35       87.7510      0.001       0.032
   36       87.7510      0.001       0.033
   37       87.7510      0.001       0.034
   38       87.7510      0.001       0.035
   39       87.7510      0.001       0.036
   40       87.7510      0.001       0.037
   41       86.9159      0.001       0.038
   42       86.9159      0.001       0.039
   43       86.9159      0.001       0.040
   44       86.9159      0.001       0.041
   45       86.9159      0.001       0.042
   46       86.9159      0.001       0.043
   47       86.9159      0.001       0.044
   48       86.9159      0.001       0.045
   49       86.9159      0.001       0.046
   50       86.9159      0.001       0.047
   51       86.9159      0.001       0.048
   52       86.9159      0.001       0.049
   53       85.8411      0.001       0.050
   54       85.8411      0.001       0.050
   55       85.8411      0.001       0.051
   56       84.4756      0.001       0.052
   57       84.4756      0.001       0.053
   58       84.4756      0.001       0.054
   59       84.4756      0.001       0.055
   60       84.2034      0.001       0.056
   61       84.2034      0.001       0.057
   62       84.2034      0.001       0.058
   63       82.7598      0.001       0.059
   64       82.7598      0.001       0.060
   65       82.7598      0.001       0.061
   66       82.7598      0.001       0.062
   67       82.7598      0.001       0.063
   68       82.7598      0.001       0.064
   69       82.7598      0.001       0.065
   70       82.5796      0.001       0.066
   71       82.5796      0.001       0.067
   72       82.5796      0.001       0.068
   73       82.5796      0.001       0.068
   74       82.5796      0.001       0.069
   75       82.5796      0.001       0.070
   76       82.5796      0.001       0.071
   77       82.5796      0.001       0.072
   78       82.5796      0.001       0.073
   79       82.1876      0.001       0.074
   80       82.1876      0.001       0.075
   81       82.1876      0.001       0.076
   82       82.1876      0.001       0.077
   83       82.1876      0.001       0.078
   84       82.1876      0.001       0.079
   85       82.1876      0.001       0.080
   86       82.1876      0.001       0.081
   87       82.1876      0.001       0.082
   88       82.1876      0.001       0.083
   89       82.1876      0.001       0.084
   90       82.1876      0.001       0.085
   91       79.7250      0.001       0.086
   92       79.7250      0.001       0.087
   93       79.7250      0.001       0.088
   94       79.7250      0.001       0.089
   95       79.7250      0.001       0.089
   96       79.7250      0.001       0.090
   97       79.7250      0.001       0.091
   98       79.7250      0.001       0.092
   99       79.7250      0.001       0.093
  100       79.7250      0.001       0.094
# ---- resumen ----
n=200 particulas=500 iters=100 tour_valido=SI L_mejor=79.72499 (verificado 79.72499)
tiempo: preparacion=0.001 s  PSO=0.094 s  total=0.099 s  (0.0009 s/iter)
memoria: pico RSS=5.7 MB
CSV,200,500,100,79.724985,0.001,0.094,5.7
