# n=200 particulas=500 iters=100 w=0.70 c1=1.50 c2=1.50 hilos=12 semilla=3
# preparacion: 0.001 s | L_inicial=95.5510
# iter  mejor_global  t_iter(s)  t_total(s)
    1       94.2155      0.002       0.002
    2       93.9313      0.001       0.003
    3       93.9313      0.001       0.003
    4       93.9313      0.001       0.004
    5       93.9313      0.001       0.005
    6       93.9313      0.001       0.006
    7       93.9313      0.001       0.007
    8       93.9313      0.001       0.007
    9       93.9313      0.001       0.008
   10       93.9313      0.001       0.009
   11       92.8641      0.001       0.010
   12       91.6477      0.001       0.011
   13       91.6477      0.001       0.012
   14       91.6477      0.001       0.013
   15       91.6477      0.001       0.013
   16       91.6477      0.001       0.014
   17       91.6477      0.001       0.015
   18       91.6477      0.001       0.016
   19       91.6477      0.001       0.017
   20       91.6477      0.001       0.018
   21       91.6477      0.001       0.019
   22       91.6477      0.001       0.019
   23       91.6477      0.001       0.020
   24       91.6477      0.001       0.021
   25       91.6477      0.001       0.022
   26       91.6477      0.001       0.023
   27       91.6477      0.001       0.024
   28       91.6477      0.001       0.025
   29       91.6477      0.001       0.026
   30       91.6477      0.001       0.027
   31       91.6477      0.001       0.028
   32       91.6477      0.001       0.029
   33       91.6477      0.001       0.030
   34       91.6477      0.001       0.031
   35       91.6477      0.001       0.032
   36       91.6477      0.001       0.033
   37       91.5565      0.001       0.034
   38       91.5565      0.001       0.035
   39       91.5565      0.001       0.035
   40       91.5565      0.001       0.036
   41       91.5565      0.001       0.037
   42       91.5565      0.001       0.038
   43       91.5565      0.001       0.039
   44       91.5565      0.001       0.040
   45       91.5565      0.001       0.041
   46       91.5565      0.001       0.042
   47       91.5565      0.001       0.043
   48       91.5565      0.001       0.044
   49       91.5565      0.001       0.045
   50       91.5565      0.001       0.046
   51       91.5565      0.001       0.047
   52       91.5565      0.001       0.048
   53       91.2992      0.001       0.049
   54       91.2992      0.001       0.050
   55       91.2992      0.001       0.051
   56       91.2992      0.001       0.052
   57       91.2992      0.001       0.053
   58       91.2992      0.001       0.054
   59       91.2992      0.001       0.055
   60       91.2992      0.001       0.055
   61       91.2992      0.001       0.056
   62       91.2992      0.001       0.057
   63       91.2992      0.001       0.058
   64       91.2992      0.001       0.059
   65       91.2992      0.001       0.060
   66       88.4477      0.001       0.062
   67       88.4477      0.001       0.062
   68       88.4477      0.001       0.064
   69       88.4477      0.001       0.065
   70       88.4477      0.001       0.065
   71       88.4477      0.001       0.066
   72       88.4477      0.001       0.067
   73       88.4477      0.001       0.068
   74       88.4477      0.001       0.069
   75       88.4477      0.001       0.070
   76       88.4477      0.001       0.071
   77       88.4477      0.001       0.072
   78       88.4477      0.001       0.073
   79       88.4477      0.001       0.074
   80       88.4477      0.001       0.075
   81       88.4477      0.001       0.076
   82       88.4477      0.001       0.077
   83       88.4477      0.001       0.078
   84       88.4477      0.001       0.079
   85       88.4477      0.001       0.080
   86       88.4477      0.001       0.081
   87       88.4477      0.001       0.082
   88       88.4477      0.001       0.083
   89       88.4477      0.001       0.084
   90       88.4477      0.001       0.085
   91       88.4477      0.001       0.086
   92       88.4477      0.001       0.087
   93       88.4477      0.001       0.088
   94       88.4477      0.001       0.089
   95       88.4477      0.001       0.089
   96       88.4477      0.001       0.090
   97       88.4477      0.001       0.091
   98       88.4477      0.001       0.093
   99       88.4477      0.001       0.093
  100       88.4477      0.001       0.094
# ---- resumen ----
n=200 particulas=500 iters=100 tour_valido=SI L_mejor=88.44771 (verificado 88.44771)
tiempo: preparacion=0.001 s  PSO=0.094 s  total=0.099 s  (0.0009 s/iter)
memoria: pico RSS=5.7 MB
CSV,200,500,100,88.447712,0.001,0.094,5.7
