# n=20 particulas=500 iters=100 w=0.70 c1=1.50 c2=1.50 hilos=12 semilla=1
# preparacion: 0.000 s | L_inicial=8.3113
# iter  mejor_global  t_iter(s)  t_total(s)
    1        7.2645      0.002       0.002
    2        6.9199      0.000       0.002
    3        6.9199      0.000       0.002
    4        6.6374      0.000       0.003
    5        6.4487      0.000       0.003
    6        6.4487      0.000       0.003
    7        5.9177      0.000       0.003
    8        5.9177      0.000       0.004
    9        5.8374      0.000       0.004
   10        5.7242      0.000       0.004
   11        5.6050      0.000       0.005
   12        5.5989      0.000       0.005
   13        5.5888      0.000       0.005
   14        5.5888      0.000       0.005
   15        5.5888      0.000       0.006
   16        5.5119      0.000       0.006
   17        5.5021      0.000       0.006
   18        5.5021      0.000       0.007
   19        5.4943      0.000       0.007
   20        5.4943      0.000       0.007
   21        5.4943      0.000       0.008
   22        5.4943      0.000       0.008
   23        5.4943      0.000       0.008
   24        5.4943      0.000       0.008
   25        5.4943      0.000       0.009
   26        5.4943      0.000       0.009
   27        5.4943      0.000       0.009
   28        5.4943      0.000       0.010
   29        5.4943      0.000       0.010
   30        5.4943      0.000       0.010
   31        5.4797      0.000       0.011
   32        5.4028      0.000       0.011
   33        5.4028      0.000       0.011
   34        5.4028      0.000       0.011
   35        5.4028      0.000       0.012
   36        5.4028      0.000       0.012
   37        5.4028      0.000       0.012
   38        5.4028      0.000       0.013
   39        5.4028      0.000       0.013
   40        5.4028      0.000       0.013
   41        5.4028      0.000       0.013
   42        5.4028      0.000       0.014
   43        5.4028      0.000       0.014
   44        5.4028      0.000       0.014
   45        5.4028      0.000       0.015
   46        5.4028      0.000       0.015
   47        5.4028      0.000       0.015
   48        5.4028      0.000       0.015
   49        5.3929      0.000       0.016
   50        5.2792      0.000       0.016
   51        5.2448      0.000       0.016
   52        5.2448      0.000       0.017
   53        5.2448      0.000       0.017
   54        5.2448      0.000       0.017
   55        5.2448      0.000       0.017
   56        5.2448      0.000       0.018
   57        5.2448      0.000       0.018
   58        5.2448      0.000       0.018
   59        5.2448      0.000       0.019
   60        5.2448      0.000       0.019
   61        5.2448      0.000       0.019
   62        5.2448      0.000       0.020
   63        5.2448      0.000       0.020
   64        5.2448      0.000       0.020
   65        5.2448      0.000       0.020
   66        5.2448      0.000       0.021
   67        5.2448      0.000       0.021
   68        5.2448      0.000       0.021
   69        5.2448      0.000       0.022
   70        5.2448      0.000       0.022
   71        5.2448      0.000       0.022
   72        5.2448      0.000       0.023
   73        5.2448      0.000       0.023
   74        5.2448      0.000       0.023
   75        5.2448      0.000       0.023
   76        5.2448      0.000       0.024
   77        5.2448      0.000       0.024
   78        5.2448      0.000       0.024
   79        5.2448      0.000       0.025
   80        5.2448      0.000       0.025
   81        5.2448      0.000       0.025
   82        5.2448      0.000       0.026
   83        5.2448      0.000       0.026
   84        5.2448      0.000       0.026
   85        5.2448      0.000       0.026
   86        5.2448      0.000       0.027
   87        5.2448      0.000       0.027
   88        5.2448      0.000       0.027
   89        5.2448      0.000       0.028
   90        5.2448      0.000       0.028
   91        5.2448      0.000       0.028
   92        5.2448      0.000       0.029
   93        5.2448      0.000       0.029
   94        5.2448      0.000       0.029
   95        5.2448      0.000       0.030
   96        5.2448      0.000       0.030
   97        5.2448      0.000       0.030
   98        5.2448      0.000       0.030
   99        5.2448      0.000       0.031
  100        5.2448      0.000       0.031
# ---- resumen ----
n=20 particulas=500 iters=100 tour_valido=SI L_mejor=5.24476 (verificado 5.24476)
tiempo: preparacion=0.000 s  PSO=0.031 s  total=0.032 s  (0.0003 s/iter)
memoria: pico RSS=4.6 MB
CSV,20,500,100,5.244762,0.000,0.031,4.6
