# n=2000 particulas=2048 iters=100 w=0.70 c1=1.50 c2=1.50 hilos=12 semilla=1
# preparacion: 0.006 s | L_inicial=1016.7363
# iter  mejor_global  t_iter(s)  t_total(s)
    1     1016.7363      0.030       0.030
    2     1016.6351      0.033       0.063
    3     1016.6351      0.034       0.098
    4     1016.5120      0.034       0.131
    5     1016.5120      0.035       0.167
    6     1016.5120      0.035       0.202
    7     1016.5120      0.034       0.236
    8     1016.2564      0.038       0.274
    9     1011.8553      0.037       0.311
   10     1011.8553      0.036       0.347
   11     1011.8553      0.034       0.381
   12     1011.8553      0.035       0.416
   13     1011.8553      0.037       0.453
   14     1011.8553      0.035       0.488
   15     1011.8553      0.034       0.522
   16     1011.8553      0.035       0.557
   17     1011.8553      0.034       0.591
   18     1011.8553      0.034       0.625
   19     1011.8553      0.035       0.660
   20     1011.8553      0.034       0.694
   21     1011.8553      0.035       0.729
   22     1008.5201      0.034       0.763
   23     1008.5201      0.034       0.798
   24     1008.5201      0.034       0.832
   25     1008.5201      0.035       0.867
   26     1008.5201      0.034       0.902
   27     1008.5201      0.034       0.936
   28     1008.5201      0.034       0.970
   29     1008.5201      0.035       1.005
   30     1008.5201      0.034       1.039
   31     1008.5201      0.034       1.073
   32     1008.5201      0.034       1.107
   33     1008.5201      0.034       1.141
   34     1008.5201      0.034       1.176
   35     1008.5201      0.035       1.211
   36     1008.5201      0.037       1.247
   37     1008.5201      0.035       1.282
   38     1008.5201      0.034       1.316
   39     1008.5201      0.034       1.350
   40     1008.5201      0.034       1.385
   41     1008.5201      0.035       1.420
   42     1008.5201      0.034       1.454
   43     1008.5201      0.035       1.489
   44     1008.5201      0.035       1.524
   45     1008.5201      0.034       1.558
   46     1008.5201      0.035       1.593
   47     1008.5201      0.034       1.627
   48     1008.5201      0.034       1.661
   49     1008.5201      0.034       1.696
   50     1008.5201      0.034       1.730
   51     1008.5201      0.035       1.764
   52     1008.5201      0.034       1.799
   53     1008.5201      0.034       1.833
   54     1008.5201      0.034       1.867
   55     1008.5201      0.034       1.902
   56     1008.5201      0.034       1.936
   57     1008.5201      0.034       1.970
   58     1008.5201      0.035       2.005
   59     1008.5201      0.037       2.042
   60     1008.5201      0.034       2.077
   61     1008.5201      0.034       2.111
   62     1008.5201      0.034       2.145
   63     1008.5201      0.034       2.179
   64     1008.5201      0.034       2.213
   65     1008.5201      0.035       2.248
   66     1008.5201      0.035       2.283
   67     1008.5201      0.037       2.320
   68     1008.5201      0.036       2.356
   69     1008.5201      0.035       2.391
   70     1008.5201      0.034       2.425
   71     1008.5201      0.034       2.460
   72     1008.5201      0.035       2.494
   73     1008.5201      0.034       2.528
   74     1008.5201      0.035       2.563
   75     1008.5201      0.035       2.598
   76     1008.5201      0.034       2.632
   77     1008.5201      0.034       2.667
   78     1008.5201      0.034       2.701
   79     1008.5201      0.035       2.736
   80     1008.5201      0.034       2.770
   81     1008.5201      0.035       2.804
   82     1008.5201      0.036       2.841
   83     1008.5201      0.037       2.878
   84     1008.5201      0.038       2.916
   85     1008.5201      0.037       2.953
   86     1008.5201      0.038       2.991
   87     1008.5201      0.039       3.030
   88     1008.5201      0.039       3.068
   89     1008.2290      0.037       3.106
   90     1008.2290      0.038       3.144
   91     1008.2290      0.037       3.181
   92     1008.2290      0.038       3.219
   93     1008.2290      0.037       3.256
   94     1008.2290      0.036       3.292
   95     1008.2290      0.035       3.327
   96     1005.1318      0.034       3.362
   97     1005.1318      0.036       3.397
   98     1005.1318      0.034       3.432
   99     1005.1318      0.035       3.466
  100     1005.1318      0.035       3.501
# ---- resumen ----
n=2000 particulas=2048 iters=100 tour_valido=SI L_mejor=1005.13177 (verificado 1005.13177)
tiempo: preparacion=0.006 s  PSO=3.501 s  total=3.721 s  (0.0350 s/iter)
memoria: pico RSS=51.7 MB
CSV,2000,2048,100,1005.131767,0.006,3.501,51.7
