# n=20 particulas=500 iters=100 w=0.70 c1=1.50 c2=1.50 hilos=12 semilla=3
# preparacion: 0.000 s | L_inicial=8.4917
# iter  mejor_global  t_iter(s)  t_total(s)
    1        8.0499      0.002       0.002
    2        6.7527      0.000       0.002
    3        6.7527      0.000       0.002
    4        6.7527      0.000       0.003
    5        6.7527      0.000       0.003
    6        6.7527      0.000       0.003
    7        6.7527      0.000       0.004
    8        6.7200      0.000       0.004
    9        6.4263      0.000       0.004
   10        5.9464      0.000       0.005
   11        5.9287      0.000       0.005
   12        5.9287      0.000       0.005
   13        5.9287      0.000       0.005
   14        5.8458      0.000       0.006
   15        5.7554      0.000       0.006
   16        5.6289      0.000       0.006
   17        5.5790      0.000       0.007
   18        5.5790      0.000       0.007
   19        5.5790      0.000       0.007
   20        5.5790      0.000       0.007
   21        5.5297      0.000       0.008
   22        5.5297      0.000       0.008
   23        5.5297      0.000       0.008
   24        5.5276      0.000       0.009
   25        5.5276      0.000       0.009
   26        5.4134      0.000       0.009
   27        5.4134      0.000       0.010
   28        5.2105      0.000       0.010
   29        5.2105      0.000       0.010
   30        5.2105      0.000       0.010
   31        5.2105      0.000       0.011
   32        5.2105      0.000       0.011
   33        5.1235      0.000       0.011
   34        5.1235      0.000       0.012
   35        5.1235      0.000       0.012
   36        5.1235      0.000       0.012
   37        5.1235      0.000       0.013
   38        5.1235      0.000       0.013
   39        5.1235      0.000       0.013
   40        5.1235      0.000       0.014
   41        5.1235      0.000       0.014
   42        5.1235      0.000       0.014
   43        5.1235      0.000       0.015
   44        5.1235      0.000       0.015
   45        5.1235      0.000       0.015
   46        5.1235      0.000       0.015
   47        5.1235      0.000       0.016
   48        5.1235      0.000       0.016
   49        5.1235      0.000       0.016
   50        5.1235      0.000       0.017
   51        5.1235      0.000       0.017
   52        5.1235      0.000       0.018
   53        5.1235      0.000       0.018
   54        5.1235      0.000       0.018
   55        5.1235      0.000       0.019
   56        5.1235      0.000       0.019
   57        5.1235      0.000       0.019
   58        5.1235      0.000       0.020
   59        5.1235      0.000       0.020
   60        5.1235      0.000       0.021
   61        5.1235      0.000       0.021
   62        5.0609      0.000       0.021
   63        5.0609      0.000       0.021
   64        5.0609      0.000       0.022
   65        5.0609      0.000       0.022
   66        5.0609      0.000       0.022
   67        5.0609      0.000       0.023
   68        5.0609      0.000       0.023
   69        5.0609      0.000       0.023
   70        5.0609      0.000       0.024
   71        5.0609      0.000       0.024
   72        5.0609      0.000       0.024
   73        5.0609      0.000       0.025
   74        5.0609      0.000       0.025
   75        5.0609      0.000       0.025
   76        5.0609      0.000       0.026
   77        5.0609      0.000       0.026
   78        5.0609      0.000       0.026
   79        5.0609      0.000       0.027
   80        5.0609      0.000       0.027
   81        5.0609      0.000       0.028
   82        5.0609      0.000       0.028
   83        5.0609      0.000       0.028
   84        5.0609      0.000       0.029
   85        5.0609      0.000       0.029
   86        5.0609      0.000       0.029
   87        5.0609      0.000       0.030
   88        5.0609      0.000       0.030
   89        5.0609      0.000       0.030
   90        5.0609      0.000       0.031
   91        5.0609      0.000       0.031
   92        5.0609      0.000       0.031
   93        5.0609      0.000       0.032
   94        5.0609      0.000       0.032
   95        5.0609      0.000       0.032
   96        5.0609      0.000       0.033
   97        5.0609      0.000       0.033
   98        5.0609      0.000       0.033
   99        5.0609      0.000       0.034
  100        5.0609      0.000       0.034
# ---- resumen ----
n=20 particulas=500 iters=100 tour_valido=SI L_mejor=5.06086 (verificado 5.06086)
tiempo: preparacion=0.000 s  PSO=0.034 s  total=0.035 s  (0.0003 s/iter)
memoria: pico RSS=4.6 MB
CSV,20,500,100,5.060858,0.000,0.034,4.6
