# n=200 particulas=50 iters=100 w=0.70 c1=1.50 c2=1.50 hilos=12 semilla=1
# preparacion: 0.001 s | L_inicial=94.6661
# iter  mejor_global  t_iter(s)  t_total(s)
    1       91.5521      0.002       0.002
    2       91.5521      0.000       0.002
    3       91.5521      0.000       0.002
    4       91.5521      0.000       0.003
    5       91.5521      0.000       0.003
    6       91.1711      0.000       0.003
    7       91.1711      0.000       0.003
    8       91.1711      0.000       0.004
    9       91.1711      0.000       0.004
   10       91.1711      0.000       0.004
   11       91.1711      0.000       0.004
   12       91.1711      0.000       0.005
   13       91.1711      0.000       0.005
   14       91.1711      0.000       0.005
   15       91.1711      0.000       0.006
   16       91.1711      0.000       0.006
   17       91.1711      0.000       0.006
   18       91.1711      0.000       0.006
   19       91.1711      0.000       0.007
   20       91.1711      0.000       0.007
   21       91.1711      0.000       0.007
   22       91.1711      0.000       0.007
   23       91.1711      0.000       0.008
   24       91.1711      0.000       0.008
   25       91.1711      0.000       0.008
   26       91.1711      0.000       0.009
   27       91.1711      0.000       0.009
   28       91.1711      0.000       0.009
   29       91.1711      0.000       0.009
   30       91.1711      0.000       0.010
   31       91.1711      0.000       0.010
   32       91.1711      0.000       0.010
   33       91.1711      0.000       0.011
   34       91.1711      0.000       0.011
   35       90.1645      0.000       0.011
   36       90.1645      0.000       0.011
   37       90.1645      0.000       0.012
   38       90.1645      0.000       0.012
   39       90.1645      0.000       0.012
   40       90.1645      0.000       0.013
   41       90.1645      0.000       0.013
   42       90.1645      0.000       0.013
   43       90.1645      0.000       0.013
   44       90.1645      0.000       0.014
   45       90.1645      0.000       0.014
   46       90.1645      0.000       0.014
   47       90.1645      0.000       0.014
   48       90.1645      0.000       0.015
   49       90.1645      0.000       0.015
   50       90.1645      0.000       0.015
   51       90.1645      0.000       0.016
   52       89.4439      0.000       0.016
   53       89.4439      0.000       0.016
   54       89.4439      0.000       0.016
   55       89.4439      0.000       0.017
   56       89.4439      0.000       0.017
   57       89.4439      0.000       0.017
   58       89.4439      0.000       0.018
   59       89.4439      0.000       0.018
   60       89.4439      0.000       0.018
   61       89.4439      0.000       0.018
   62       89.4439      0.000       0.019
   63       89.4439      0.000       0.019
   64       89.4439      0.000       0.019
   65       89.4439      0.000       0.020
   66       89.0830      0.000       0.020
   67       89.0830      0.000       0.020
   68       89.0830      0.000       0.020
   69       89.0830      0.000       0.021
   70       89.0830      0.000       0.021
   71       89.0830      0.000       0.021
   72       89.0830      0.000       0.022
   73       89.0830      0.000       0.022
   74       88.9768      0.000       0.022
   75       88.9768      0.000       0.022
   76       88.9061      0.000       0.023
   77       88.9061      0.000       0.023
   78       88.9061      0.000       0.023
   79       88.9061      0.000       0.024
   80       88.9061      0.000       0.024
   81       88.9061      0.000       0.024
   82       88.9061      0.000       0.025
   83       88.9061      0.000       0.025
   84       88.9061      0.000       0.025
   85       88.8848      0.000       0.025
   86       88.8848      0.000       0.026
   87       88.8848      0.000       0.026
   88       88.8848      0.000       0.026
   89       88.8848      0.000       0.027
   90       88.8848      0.000       0.027
   91       88.8848      0.000       0.027
   92       88.8848      0.000       0.027
   93       88.8848      0.000       0.028
   94       88.8848      0.000       0.028
   95       88.8848      0.000       0.028
   96       88.8848      0.000       0.029
   97       88.8047      0.000       0.029
   98       88.8047      0.000       0.029
   99       88.8047      0.000       0.029
  100       88.8047      0.000       0.030
# ---- resumen ----
n=200 particulas=50 iters=100 tour_valido=SI L_mejor=88.80470 (verificado 88.80470)
tiempo: preparacion=0.001 s  PSO=0.030 s  total=0.031 s  (0.0003 s/iter)
memoria: pico RSS=4.6 MB
CSV,200,50,100,88.804703,0.001,0.030,4.6
