# n=200 particulas=500 iters=100 w=0.70 c1=1.50 c2=1.50 hilos=12 semilla=1
# preparacion: 0.001 s | L_inicial=91.3919
# iter  mejor_global  t_iter(s)  t_total(s)
    1       90.1816      0.002       0.002
    2       90.1816      0.001       0.003
    3       90.1816      0.001       0.003
    4       90.1816      0.001       0.004
    5       90.1816      0.001       0.005
    6       90.1816      0.001       0.006
    7       90.1816      0.001       0.007
    8       90.1816      0.001       0.007
    9       89.9863      0.001       0.008
   10       89.9863      0.001       0.009
   11       89.9863      0.001       0.010
   12       89.9863      0.001       0.011
   13       89.9863      0.001       0.012
   14       89.9863      0.001       0.013
   15       89.9863      0.001       0.014
   16       89.9863      0.001       0.015
   17       89.9863      0.001       0.016
   18       89.6625      0.001       0.016
   19       89.6625      0.001       0.017
   20       89.3444      0.001       0.018
   21       89.3444      0.001       0.019
   22       89.3444      0.001       0.020
   23       89.3444      0.001       0.021
   24       89.3444      0.001       0.022
   25       89.3444      0.001       0.023
   26       89.3444      0.001       0.024
   27       89.3444      0.001       0.025
   28       89.3444      0.001       0.026
   29       89.3444      0.001       0.027
   30       89.3444      0.001       0.028
   31       89.3444      0.001       0.029
   32       89.3444      0.001       0.030
   33       89.3444      0.001       0.031
   34       89.3444      0.001       0.032
   35       89.3444      0.001       0.033
   36       89.3444      0.001       0.033
   37       89.3444      0.001       0.034
   38       89.3444      0.001       0.035
   39       89.3444      0.001       0.036
   40       89.3444      0.001       0.037
   41       89.3444      0.001       0.038
   42       88.7862      0.001       0.039
   43       88.7862      0.001       0.040
   44       88.7862      0.001       0.041
   45       88.7862      0.001       0.042
   46       88.2662      0.001       0.043
   47       88.2662      0.001       0.044
   48       88.2662      0.001       0.045
   49       88.2662      0.001       0.046
   50       88.2662      0.001       0.047
   51       88.2662      0.001       0.048
   52       88.2662      0.001       0.049
   53       88.2662      0.001       0.050
   54       88.2662      0.001       0.051
   55       88.2662      0.001       0.052
   56       88.2662      0.001       0.052
   57       88.2662      0.001       0.053
   58       88.2662      0.001       0.054
   59       88.2662      0.001       0.055
   60       88.2662      0.001       0.056
   61       88.2662      0.001       0.057
   62       88.2662      0.001       0.058
   63       88.2662      0.001       0.059
   64       88.2662      0.001       0.060
   65       88.2589      0.001       0.061
   66       88.2589      0.001       0.062
   67       87.6963      0.001       0.063
   68       87.6963      0.001       0.064
   69       87.6963      0.001       0.065
   70       87.6963      0.001       0.066
   71       87.6963      0.001       0.067
   72       87.6963      0.001       0.068
   73       87.6963      0.001       0.069
   74       87.6963      0.001       0.070
   75       87.6963      0.001       0.071
   76       87.6963      0.001       0.072
   77       87.6963      0.001       0.073
   78       87.6963      0.001       0.073
   79       87.6963      0.001       0.074
   80       87.6963      0.001       0.075
   81       87.6963      0.001       0.076
   82       87.6963      0.001       0.077
   83       87.6963      0.001       0.078
   84       87.6963      0.001       0.079
   85       87.6963      0.001       0.080
   86       87.6963      0.001       0.081
   87       87.6963      0.001       0.082
   88       87.6963      0.001       0.083
   89       87.6963      0.001       0.084
   90       87.6963      0.001       0.085
   91       87.6963      0.001       0.086
   92       87.6963      0.001       0.087
   93       86.8439      0.001       0.088
   94       86.8439      0.001       0.089
   95       86.8439      0.001       0.090
   96       86.8439      0.001       0.091
   97       86.8439      0.001       0.092
   98       86.8439      0.001       0.093
   99       86.8439      0.001       0.094
  100       86.8439      0.001       0.095
# ---- resumen ----
n=200 particulas=500 iters=100 tour_valido=SI L_mejor=86.84385 (verificado 86.84385)
tiempo: preparacion=0.001 s  PSO=0.095 s  total=0.099 s  (0.0009 s/iter)
memoria: pico RSS=5.7 MB
CSV,200,500,100,86.843854,0.001,0.095,5.7
