# n=20 particulas=50 iters=100 w=0.70 c1=1.50 c2=1.50 hilos=12 semilla=1
# preparacion: 0.000 s | L_inicial=8.9588
# iter  mejor_global  t_iter(s)  t_total(s)
    1        8.1472      0.002       0.002
    2        8.1472      0.000       0.002
    3        8.1472      0.000       0.002
    4        8.1472      0.000       0.002
    5        8.1472      0.000       0.003
    6        8.1472      0.000       0.003
    7        8.1472      0.000       0.003
    8        8.1472      0.000       0.003
    9        8.1472      0.000       0.003
   10        8.1472      0.000       0.004
   11        8.1472      0.000       0.004
   12        8.1472      0.000       0.004
   13        8.1472      0.000       0.004
   14        7.9149      0.000       0.005
   15        7.9149      0.000       0.005
   16        7.8922      0.000       0.005
   17        7.8922      0.000       0.005
   18        7.8922      0.000       0.005
   19        7.8922      0.000       0.006
   20        7.8922      0.000       0.006
   21        7.2747      0.000       0.006
   22        7.2747      0.000       0.006
   23        7.2747      0.000       0.007
   24        7.2747      0.000       0.007
   25        7.2747      0.000       0.007
   26        7.2747      0.000       0.007
   27        7.2747      0.000       0.007
   28        7.2747      0.000       0.008
   29        7.0366      0.000       0.008
   30        7.0366      0.000       0.008
   31        7.0366      0.000       0.008
   32        7.0366      0.000       0.009
   33        7.0366      0.000       0.009
   34        7.0366      0.000       0.009
   35        7.0366      0.000       0.009
   36        7.0366      0.000       0.010
   37        7.0366      0.000       0.010
   38        7.0366      0.000       0.010
   39        7.0366      0.000       0.010
   40        7.0366      0.000       0.010
   41        7.0366      0.000       0.011
   42        7.0366      0.000       0.011
   43        6.9445      0.000       0.011
   44        6.8206      0.000       0.011
   45        6.8044      0.000       0.012
   46        6.5179      0.000       0.012
   47        6.5179      0.000       0.012
   48        6.5120      0.000       0.012
   49        6.5120      0.000       0.013
   50        6.5120      0.000       0.013
   51        6.5120      0.000       0.013
   52        6.5120      0.000       0.013
   53        6.4778      0.000       0.014
   54        6.4778      0.000       0.014
   55        6.4778      0.000       0.014
   56        6.4519      0.000       0.014
   57        6.4519      0.000       0.015
   58        6.3829      0.000       0.015
   59        6.3349      0.000       0.015
   60        6.2048      0.000       0.015
   61        6.2048      0.000       0.016
   62        6.2048      0.000       0.016
   63        6.2048      0.000       0.016
   64        6.2048      0.000       0.016
   65        6.2048      0.000       0.016
   66        6.2048      0.000       0.017
   67        6.2048      0.000       0.017
   68        6.1169      0.000       0.017
   69        6.1169      0.000       0.018
   70        6.1169      0.000       0.018
   71        6.1169      0.000       0.018
   72        6.1169      0.000       0.018
   73        6.1169      0.000       0.019
   74        6.1169      0.000       0.019
   75        6.1169      0.000       0.019
   76        6.1122      0.000       0.019
   77        6.1122      0.000       0.020
   78        6.1122      0.000       0.020
   79        6.0845      0.000       0.020
   80        6.0845      0.000       0.020
   81        6.0845      0.000       0.021
   82        6.0845      0.000       0.021
   83        6.0845      0.000       0.021
   84        6.0845      0.000       0.021
   85        6.0845      0.000       0.022
   86        6.0798      0.000       0.022
   87        6.0798      0.000       0.022
   88        6.0798      0.000       0.022
   89        6.0798      0.000       0.023
   90        6.0798      0.000       0.023
   91        5.9199      0.000       0.023
   92        5.9199      0.000       0.023
   93        5.9199      0.000       0.024
   94        5.9199      0.000       0.024
   95        5.9199      0.000       0.024
   96        5.8875      0.000       0.024
   97        5.8875      0.000       0.025
   98        5.8875      0.000       0.025
   99        5.8875      0.000       0.025
  100        5.8875      0.000       0.026
# ---- resumen ----
n=20 particulas=50 iters=100 tour_valido=SI L_mejor=5.88751 (verificado 5.88751)
tiempo: preparacion=0.000 s  PSO=0.026 s  total=0.026 s  (0.0003 s/iter)
memoria: pico RSS=4.5 MB
CSV,20,50,100,5.887510,0.000,0.026,4.5
