# n=2000 particulas=500 iters=100 w=0.70 c1=1.50 c2=1.50 hilos=12 semilla=1
# preparacion: 0.006 s | L_inicial=1019.9911
# iter  mejor_global  t_iter(s)  t_total(s)
    1     1016.3266      0.009       0.009
    2     1016.3266      0.009       0.018
    3     1016.1301      0.008       0.026
    4     1016.1301      0.008       0.035
    5     1016.1301      0.008       0.043
    6     1016.1301      0.009       0.052
    7     1016.1301      0.008       0.060
    8     1013.2221      0.009       0.069
    9     1013.2221      0.009       0.078
   10     1013.2221      0.009       0.086
   11     1013.2221      0.009       0.095
   12     1013.2221      0.008       0.103
   13     1013.2221      0.009       0.112
   14     1013.2221      0.009       0.121
   15     1013.2221      0.009       0.130
   16     1013.2221      0.008       0.138
   17     1013.2221      0.009       0.147
   18     1010.1550      0.008       0.155
   19     1010.1550      0.009       0.164
   20     1010.1550      0.008       0.172
   21     1010.1550      0.009       0.181
   22     1010.1550      0.008       0.189
   23     1010.1550      0.009       0.198
   24     1010.1550      0.008       0.206
   25     1010.1550      0.009       0.215
   26     1010.1550      0.008       0.224
   27     1010.1550      0.009       0.232
   28     1010.1550      0.008       0.241
   29     1010.1550      0.009       0.250
   30     1010.1550      0.008       0.258
   31     1010.1550      0.009       0.267
   32     1010.1550      0.008       0.275
   33     1010.1550      0.009       0.284
   34     1010.1550      0.008       0.293
   35     1010.1550      0.009       0.301
   36     1010.1550      0.008       0.309
   37     1010.1550      0.009       0.318
   38     1010.1550      0.008       0.327
   39     1010.1550      0.008       0.335
   40     1010.1550      0.009       0.344
   41     1010.1550      0.009       0.353
   42     1010.1550      0.008       0.361
   43     1010.1550      0.008       0.370
   44     1010.1550      0.009       0.378
   45     1010.1550      0.009       0.387
   46     1010.1550      0.009       0.396
   47     1010.1550      0.008       0.404
   48     1010.1550      0.009       0.413
   49     1010.1550      0.009       0.422
   50     1010.1550      0.009       0.430
   51     1010.1550      0.009       0.439
   52     1010.1550      0.009       0.448
   53     1010.1550      0.010       0.458
   54     1010.1550      0.010       0.468
   55     1010.1550      0.009       0.477
   56     1010.1550      0.009       0.485
   57     1010.1550      0.009       0.494
   58     1010.1550      0.008       0.503
   59     1010.1550      0.009       0.511
   60     1010.1550      0.009       0.520
   61     1010.1550      0.008       0.528
   62     1010.1550      0.009       0.537
   63     1010.1550      0.009       0.546
   64     1010.1550      0.008       0.554
   65     1010.1550      0.009       0.563
   66     1010.1550      0.009       0.572
   67     1010.1550      0.009       0.581
   68     1010.1550      0.008       0.589
   69     1008.5858      0.009       0.598
   70     1008.5858      0.008       0.606
   71     1008.5858      0.009       0.615
   72     1008.5858      0.009       0.624
   73     1008.5858      0.009       0.633
   74     1008.5858      0.009       0.642
   75     1008.5858      0.010       0.652
   76     1008.5858      0.011       0.663
   77     1008.5858      0.010       0.673
   78     1008.5858      0.010       0.683
   79     1008.5858      0.009       0.692
   80     1008.5858      0.009       0.701
   81     1008.5858      0.009       0.710
   82     1008.5858      0.009       0.719
   83     1008.5858      0.008       0.727
   84     1008.5858      0.009       0.736
   85     1008.5858      0.008       0.744
   86     1008.5858      0.009       0.753
   87     1008.5858      0.009       0.762
   88     1008.5858      0.008       0.770
   89     1008.5858      0.009       0.779
   90     1008.5858      0.009       0.788
   91     1008.5858      0.009       0.797
   92     1008.5858      0.008       0.805
   93     1008.5858      0.009       0.814
   94     1008.5858      0.008       0.822
   95     1008.5858      0.009       0.831
   96     1008.5858      0.009       0.840
   97     1008.5858      0.009       0.849
   98     1008.5858      0.008       0.857
   99     1008.5858      0.009       0.866
  100     1008.5858      0.009       0.875
# ---- resumen ----
n=2000 particulas=500 iters=100 tour_valido=SI L_mejor=1008.58582 (verificado 1008.58582)
tiempo: preparacion=0.006 s  PSO=0.875 s  total=0.933 s  (0.0087 s/iter)
memoria: pico RSS=16.3 MB
CSV,2000,500,100,1008.585816,0.006,0.875,16.3
