# n=20 particulas=2048 iters=100 w=0.70 c1=1.50 c2=1.50 hilos=12 semilla=3
# preparacion: 0.000 s | L_inicial=8.2831
# iter  mejor_global  t_iter(s)  t_total(s)
    1        8.2831      0.002       0.002
    2        7.9808      0.001       0.003
    3        7.7191      0.001       0.004
    4        7.4712      0.001       0.004
    5        7.3929      0.001       0.005
    6        6.9627      0.001       0.005
    7        6.8311      0.001       0.006
    8        6.8282      0.001       0.007
    9        6.8282      0.001       0.007
   10        6.8282      0.001       0.008
   11        6.8282      0.001       0.009
   12        6.8241      0.001       0.009
   13        6.7898      0.001       0.010
   14        6.6189      0.001       0.011
   15        6.6189      0.001       0.012
   16        6.6189      0.001       0.012
   17        6.4979      0.001       0.013
   18        6.4979      0.001       0.014
   19        6.4979      0.001       0.014
   20        6.3498      0.001       0.015
   21        6.0622      0.001       0.016
   22        5.8893      0.001       0.017
   23        5.8893      0.001       0.017
   24        5.8893      0.001       0.018
   25        5.7437      0.001       0.019
   26        5.7437      0.001       0.019
   27        5.7437      0.001       0.020
   28        5.7437      0.001       0.021
   29        5.7437      0.001       0.022
   30        5.7437      0.001       0.022
   31        5.7437      0.001       0.023
   32        5.7437      0.001       0.024
   33        5.7437      0.001       0.024
   34        5.7437      0.001       0.025
   35        5.7437      0.001       0.026
   36        5.7437      0.001       0.026
   37        5.7437      0.001       0.027
   38        5.7437      0.001       0.028
   39        5.7437      0.001       0.029
   40        5.7212      0.001       0.029
   41        5.7212      0.001       0.030
   42        5.7212      0.001       0.031
   43        5.5093      0.001       0.032
   44        5.5093      0.001       0.032
   45        5.5093      0.001       0.033
   46        5.4143      0.001       0.034
   47        5.4143      0.001       0.034
   48        5.4143      0.001       0.035
   49        5.4143      0.001       0.036
   50        5.4143      0.001       0.036
   51        5.4143      0.001       0.037
   52        5.4143      0.001       0.038
   53        5.4143      0.001       0.038
   54        5.4143      0.001       0.039
   55        5.3054      0.001       0.040
   56        5.3054      0.001       0.040
   57        5.3054      0.001       0.041
   58        5.3054      0.001       0.042
   59        5.3054      0.001       0.042
   60        5.3054      0.001       0.043
   61        5.3054      0.001       0.044
   62        5.3054      0.001       0.045
   63        5.3054      0.001       0.045
   64        5.3054      0.001       0.046
   65        5.3054      0.001       0.046
   66        5.3054      0.001       0.047
   67        5.3054      0.001       0.048
   68        5.3054      0.001       0.048
   69        5.3054      0.001       0.049
   70        5.3054      0.001       0.050
   71        5.3054      0.001       0.050
   72        5.3054      0.001       0.051
   73        5.3054      0.001       0.051
   74        5.3054      0.001       0.052
   75        5.3054      0.001       0.053
   76        5.3054      0.001       0.053
   77        5.3054      0.001       0.054
   78        5.3054      0.001       0.055
   79        5.3054      0.001       0.055
   80        5.3054      0.001       0.056
   81        5.3054      0.001       0.057
   82        5.3054      0.001       0.057
   83        5.3054      0.001       0.058
   84        5.3054      0.001       0.059
   85        5.3054      0.001       0.060
   86        5.3054      0.001       0.061
   87        5.3054      0.001       0.061
   88        5.3054      0.001       0.062
   89        5.3054      0.001       0.063
   90        5.3054      0.001       0.064
   91        5.3054      0.001       0.064
   92        5.3054      0.001       0.065
   93        5.3054      0.001       0.066
   94        5.3054      0.001       0.067
   95        5.3054      0.001       0.067
   96        5.3054      0.001       0.068
   97        5.3054      0.001       0.069
   98        5.3054      0.001       0.069
   99        5.3054      0.001       0.070
  100        5.3054      0.001       0.071
# ---- resumen ----
n=20 particulas=2048 iters=100 tour_valido=SI L_mejor=5.30536 (verificado 5.30536)
tiempo: preparacion=0.000 s  PSO=0.071 s  total=0.072 s  (0.0007 s/iter)
memoria: pico RSS=5.0 MB
CSV,20,2048,100,5.305359,0.000,0.071,5.0
