# n=200 particulas=2048 iters=100 w=0.70 c1=1.50 c2=1.50 hilos=12 semilla=2
# preparacion: 0.002 s | L_inicial=93.4109
# iter  mejor_global  t_iter(s)  t_total(s)
    1       91.8792      0.005       0.005
    2       91.2219      0.004       0.009
    3       91.2219      0.004       0.013
    4       90.9602      0.004       0.017
    5       90.9491      0.004       0.021
    6       90.9491      0.004       0.024
    7       90.9491      0.003       0.028
    8       90.9491      0.004       0.032
    9       90.2109      0.004       0.035
   10       90.2109      0.004       0.039
   11       89.2132      0.004       0.043
   12       89.2132      0.003       0.047
   13       89.2132      0.004       0.051
   14       89.2132      0.004       0.055
   15       89.1912      0.009       0.064
   16       89.1912      0.004       0.068
   17       88.8780      0.004       0.072
   18       88.7248      0.008       0.080
   19       88.7248      0.004       0.084
   20       88.7248      0.004       0.087
   21       88.7248      0.004       0.091
   22       88.7248      0.003       0.094
   23       88.7248      0.004       0.098
   24       88.7248      0.004       0.102
   25       88.7248      0.004       0.106
   26       88.7248      0.004       0.109
   27       88.7248      0.003       0.113
   28       88.7248      0.004       0.117
   29       88.7248      0.003       0.121
   30       88.7248      0.003       0.124
   31       88.7248      0.003       0.127
   32       88.7248      0.003       0.131
   33       88.7248      0.003       0.134
   34       88.7248      0.003       0.137
   35       88.7248      0.003       0.140
   36       88.7248      0.003       0.144
   37       88.7248      0.003       0.147
   38       88.7248      0.004       0.151
   39       88.7248      0.004       0.155
   40       88.7248      0.003       0.159
   41       88.7248      0.003       0.162
   42       88.7248      0.003       0.165
   43       88.7248      0.003       0.169
   44       88.7248      0.003       0.172
   45       86.9213      0.003       0.175
   46       86.9213      0.003       0.178
   47       86.9213      0.003       0.182
   48       86.9213      0.003       0.185
   49       86.9213      0.003       0.188
   50       86.9213      0.003       0.191
   51       86.9213      0.003       0.194
   52       86.9213      0.003       0.197
   53       86.9213      0.003       0.200
   54       86.9213      0.003       0.203
   55       86.9213      0.003       0.206
   56       86.9213      0.003       0.208
   57       86.9213      0.003       0.211
   58       86.9213      0.003       0.214
   59       86.9213      0.003       0.218
   60       86.9213      0.003       0.220
   61       86.9213      0.003       0.223
   62       86.9213      0.003       0.226
   63       86.9213      0.003       0.229
   64       86.9213      0.003       0.232
   65       86.9213      0.003       0.235
   66       86.9213      0.003       0.238
   67       86.9213      0.003       0.241
   68       86.9213      0.003       0.244
   69       86.9213      0.003       0.247
   70       86.9213      0.003       0.250
   71       86.9213      0.003       0.253
   72       86.9213      0.003       0.256
   73       86.9213      0.003       0.259
   74       86.9213      0.003       0.262
   75       86.9213      0.003       0.265
   76       86.9213      0.003       0.268
   77       86.9213      0.003       0.271
   78       86.9213      0.003       0.273
   79       86.9213      0.003       0.276
   80       86.9213      0.003       0.279
   81       86.9213      0.003       0.283
   82       86.9213      0.003       0.286
   83       86.9213      0.003       0.289
   84       86.4747      0.003       0.292
   85       86.4747      0.003       0.295
   86       86.0146      0.003       0.299
   87       86.0146      0.003       0.301
   88       86.0146      0.003       0.304
   89       86.0146      0.003       0.307
   90       86.0146      0.003       0.310
   91       86.0146      0.003       0.313
   92       86.0146      0.004       0.317
   93       86.0146      0.003       0.320
   94       86.0146      0.003       0.323
   95       86.0146      0.003       0.326
   96       86.0146      0.003       0.329
   97       86.0146      0.003       0.332
   98       86.0146      0.003       0.335
   99       85.3865      0.003       0.338
  100       85.3865      0.003       0.341
# ---- resumen ----
n=200 particulas=2048 iters=100 tour_valido=SI L_mejor=85.38655 (verificado 85.38655)
tiempo: preparacion=0.002 s  PSO=0.341 s  total=0.365 s  (0.0034 s/iter)
memoria: pico RSS=9.2 MB
CSV,200,2048,100,85.386548,0.002,0.341,9.2
