# n=2000 particulas=50 iters=100 w=0.70 c1=1.50 c2=1.50 hilos=12 semilla=2
# preparacion: 0.006 s | L_inicial=1011.1806
# iter  mejor_global  t_iter(s)  t_total(s)
    1     1011.1806      0.002       0.002
    2     1011.1806      0.001       0.003
    3     1010.1185      0.001       0.004
    4     1010.1185      0.001       0.005
    5     1000.9138      0.001       0.006
    6     1000.9138      0.001       0.007
    7     1000.9138      0.001       0.008
    8     1000.9138      0.001       0.009
    9     1000.9138      0.001       0.010
   10     1000.9138      0.001       0.011
   11     1000.9138      0.001       0.012
   12     1000.9138      0.001       0.013
   13     1000.9138      0.001       0.014
   14     1000.9138      0.001       0.015
   15     1000.9138      0.001       0.016
   16     1000.9138      0.001       0.017
   17     1000.9138      0.001       0.018
   18     1000.9138      0.001       0.019
   19     1000.9138      0.001       0.020
   20     1000.9138      0.001       0.021
   21     1000.9138      0.001       0.023
   22     1000.9138      0.001       0.024
   23     1000.9138      0.001       0.025
   24     1000.9138      0.001       0.026
   25     1000.9138      0.001       0.027
   26     1000.9138      0.001       0.028
   27     1000.9138      0.001       0.029
   28     1000.9138      0.001       0.031
   29     1000.9138      0.001       0.032
   30     1000.9138      0.001       0.033
   31     1000.9138      0.001       0.034
   32     1000.9138      0.001       0.035
   33     1000.9138      0.001       0.036
   34     1000.9138      0.001       0.038
   35     1000.9138      0.001       0.039
   36     1000.9138      0.001       0.040
   37     1000.9138      0.001       0.041
   38     1000.9138      0.001       0.042
   39     1000.9138      0.001       0.043
   40     1000.9138      0.001       0.045
   41     1000.9138      0.001       0.046
   42     1000.9138      0.001       0.047
   43     1000.9138      0.001       0.048
   44     1000.9138      0.001       0.049
   45     1000.9138      0.001       0.050
   46     1000.9138      0.001       0.052
   47     1000.9138      0.001       0.053
   48     1000.9138      0.001       0.054
   49     1000.9138      0.001       0.055
   50     1000.9138      0.001       0.056
   51     1000.9138      0.001       0.058
   52     1000.9138      0.001       0.059
   53     1000.9138      0.001       0.060
   54     1000.9138      0.001       0.061
   55     1000.9138      0.001       0.062
   56     1000.9138      0.001       0.064
   57     1000.9138      0.001       0.065
   58     1000.9138      0.001       0.066
   59     1000.9138      0.001       0.067
   60     1000.9138      0.001       0.068
   61     1000.9138      0.001       0.070
   62     1000.9138      0.001       0.071
   63     1000.9138      0.001       0.072
   64     1000.9138      0.001       0.073
   65     1000.9138      0.001       0.075
   66     1000.9138      0.001       0.076
   67     1000.9138      0.001       0.077
   68     1000.9138      0.001       0.078
   69     1000.9138      0.001       0.079
   70     1000.9138      0.001       0.080
   71     1000.9138      0.001       0.082
   72     1000.9138      0.001       0.083
   73     1000.9138      0.001       0.084
   74     1000.9138      0.001       0.085
   75     1000.9138      0.001       0.087
   76     1000.9138      0.001       0.088
   77     1000.9138      0.001       0.089
   78     1000.9138      0.001       0.090
   79     1000.9138      0.001       0.092
   80     1000.9138      0.001       0.093
   81     1000.9138      0.001       0.094
   82      998.0456      0.001       0.095
   83      998.0456      0.001       0.096
   84      998.0456      0.001       0.098
   85      998.0456      0.001       0.099
   86      998.0456      0.001       0.100
   87      998.0456      0.001       0.101
   88      998.0456      0.001       0.102
   89      997.8580      0.001       0.104
   90      997.8580      0.001       0.105
   91      997.8580      0.001       0.106
   92      997.8580      0.001       0.107
   93      997.7406      0.001       0.108
   94      997.7406      0.001       0.110
   95      997.7406      0.001       0.111
   96      997.7406      0.001       0.112
   97      997.7406      0.001       0.113
   98      997.7406      0.001       0.114
   99      997.7406      0.001       0.115
  100      997.7406      0.001       0.117
# ---- resumen ----
n=2000 particulas=50 iters=100 tour_valido=SI L_mejor=997.74057 (verificado 997.74057)
tiempo: preparacion=0.006 s  PSO=0.117 s  total=0.127 s  (0.0012 s/iter)
memoria: pico RSS=6.0 MB
CSV,2000,50,100,997.740573,0.006,0.117,6.0
