# n=200 particulas=50 iters=100 w=0.70 c1=1.50 c2=1.50 hilos=12 semilla=3
# preparacion: 0.001 s | L_inicial=99.0745
# iter  mejor_global  t_iter(s)  t_total(s)
    1       94.7633      0.002       0.002
    2       94.7633      0.000       0.002
    3       94.7633      0.000       0.002
    4       94.7633      0.000       0.003
    5       94.7633      0.000       0.003
    6       94.7633      0.000       0.003
    7       92.0625      0.000       0.003
    8       92.0625      0.000       0.004
    9       92.0625      0.000       0.004
   10       92.0625      0.000       0.004
   11       92.0625      0.000       0.005
   12       92.0625      0.000       0.005
   13       92.0625      0.000       0.005
   14       92.0625      0.000       0.005
   15       92.0625      0.000       0.006
   16       92.0625      0.000       0.006
   17       92.0625      0.000       0.006
   18       92.0625      0.000       0.006
   19       92.0625      0.000       0.007
   20       92.0625      0.000       0.007
   21       92.0625      0.000       0.007
   22       92.0625      0.000       0.008
   23       92.0625      0.000       0.008
   24       92.0625      0.000       0.008
   25       92.0625      0.000       0.008
   26       92.0625      0.000       0.009
   27       92.0625      0.000       0.009
   28       92.0625      0.000       0.009
   29       92.0625      0.000       0.009
   30       92.0625      0.000       0.010
   31       92.0625      0.000       0.010
   32       92.0625      0.000       0.010
   33       92.0625      0.000       0.010
   34       92.0625      0.000       0.011
   35       92.0625      0.000       0.011
   36       92.0625      0.000       0.011
   37       92.0625      0.000       0.011
   38       92.0625      0.000       0.012
   39       92.0625      0.000       0.012
   40       92.0625      0.000       0.012
   41       92.0625      0.000       0.013
   42       92.0625      0.000       0.013
   43       92.0625      0.000       0.013
   44       92.0625      0.000       0.013
   45       92.0625      0.000       0.014
   46       92.0625      0.000       0.014
   47       92.0625      0.000       0.014
   48       92.0625      0.000       0.014
   49       91.6383      0.000       0.015
   50       91.6383      0.000       0.015
   51       91.6383      0.000       0.015
   52       89.9979      0.000       0.015
   53       89.9979      0.000       0.016
   54       89.9979      0.000       0.016
   55       89.9979      0.000       0.016
   56       89.9979      0.000       0.017
   57       89.9979      0.000       0.017
   58       89.9979      0.000       0.017
   59       89.9979      0.000       0.017
   60       89.9979      0.000       0.018
   61       89.9979      0.000       0.018
   62       89.9979      0.000       0.018
   63       89.9979      0.000       0.019
   64       89.9979      0.000       0.019
   65       89.9979      0.000       0.019
   66       89.9979      0.000       0.019
   67       89.9979      0.000       0.020
   68       89.9979      0.000       0.020
   69       89.9979      0.000       0.020
   70       89.9979      0.000       0.021
   71       89.9979      0.000       0.021
   72       88.4858      0.000       0.021
   73       88.4858      0.000       0.021
   74       88.4858      0.000       0.022
   75       88.4858      0.000       0.022
   76       88.4858      0.000       0.022
   77       88.4858      0.000       0.023
   78       88.4858      0.000       0.023
   79       88.4858      0.000       0.023
   80       87.0684      0.000       0.023
   81       87.0684      0.000       0.024
   82       87.0453      0.000       0.024
   83       87.0453      0.000       0.024
   84       87.0453      0.000       0.025
   85       86.0364      0.000       0.025
   86       86.0364      0.000       0.025
   87       86.0364      0.000       0.025
   88       86.0364      0.000       0.026
   89       86.0364      0.000       0.026
   90       86.0364      0.000       0.026
   91       86.0364      0.000       0.027
   92       86.0364      0.000       0.027
   93       86.0364      0.000       0.027
   94       86.0364      0.000       0.027
   95       86.0364      0.000       0.028
   96       86.0364      0.000       0.028
   97       86.0364      0.000       0.028
   98       86.0364      0.000       0.029
   99       86.0364      0.000       0.029
  100       86.0364      0.000       0.029
# ---- resumen ----
n=200 particulas=50 iters=100 tour_valido=SI L_mejor=86.03641 (verificado 86.03641)
tiempo: preparacion=0.001 s  PSO=0.029 s  total=0.030 s  (0.0003 s/iter)
memoria: pico RSS=4.6 MB
CSV,200,50,100,86.036411,0.001,0.029,4.6
