# n=2000 particulas=50 iters=100 w=0.70 c1=1.50 c2=1.50 hilos=12 semilla=1
# preparacion: 0.006 s | L_inicial=1021.7777
# iter  mejor_global  t_iter(s)  t_total(s)
    1     1021.7777      0.002       0.002
    2     1021.7777      0.001       0.003
    3     1021.7777      0.001       0.004
    4     1021.7777      0.001       0.005
    5     1021.7777      0.001       0.006
    6     1021.7777      0.001       0.007
    7     1021.7777      0.001       0.008
    8     1021.7777      0.001       0.009
    9     1021.7777      0.001       0.010
   10     1021.7777      0.001       0.011
   11     1021.7777      0.001       0.012
   12     1017.8926      0.001       0.013
   13     1017.8926      0.001       0.014
   14     1017.8926      0.001       0.015
   15     1017.8926      0.001       0.016
   16     1017.8926      0.001       0.017
   17     1017.8926      0.001       0.019
   18     1017.8926      0.001       0.020
   19     1017.8926      0.001       0.021
   20     1017.8926      0.001       0.022
   21     1017.8926      0.001       0.023
   22     1017.8926      0.001       0.024
   23     1017.8926      0.001       0.025
   24     1017.8926      0.001       0.027
   25     1017.8926      0.001       0.028
   26     1017.8926      0.001       0.029
   27     1017.8926      0.001       0.030
   28     1017.8926      0.001       0.031
   29     1015.0518      0.001       0.032
   30     1015.0518      0.001       0.034
   31     1015.0518      0.001       0.035
   32     1015.0518      0.001       0.036
   33     1015.0518      0.001       0.037
   34     1015.0518      0.001       0.038
   35     1015.0518      0.001       0.040
   36     1015.0518      0.001       0.041
   37     1015.0518      0.001       0.042
   38     1015.0518      0.001       0.043
   39     1015.0518      0.001       0.044
   40     1015.0518      0.001       0.046
   41     1015.0518      0.001       0.047
   42     1015.0518      0.001       0.048
   43     1015.0518      0.001       0.049
   44     1015.0518      0.001       0.050
   45     1015.0518      0.001       0.052
   46     1015.0518      0.001       0.053
   47     1015.0518      0.001       0.054
   48     1015.0518      0.001       0.055
   49     1015.0518      0.001       0.056
   50     1015.0518      0.001       0.058
   51     1015.0518      0.001       0.059
   52     1015.0518      0.001       0.060
   53     1015.0518      0.001       0.061
   54     1015.0518      0.001       0.063
   55     1015.0518      0.001       0.064
   56     1015.0518      0.001       0.065
   57     1015.0518      0.001       0.066
   58     1015.0518      0.001       0.067
   59     1015.0518      0.001       0.069
   60     1015.0518      0.001       0.070
   61     1015.0518      0.001       0.071
   62     1015.0518      0.001       0.072
   63     1015.0518      0.001       0.074
   64     1015.0518      0.001       0.075
   65     1015.0518      0.001       0.076
   66     1015.0518      0.001       0.077
   67     1015.0518      0.001       0.078
   68     1015.0518      0.001       0.079
   69     1015.0518      0.001       0.081
   70     1015.0518      0.001       0.082
   71     1015.0518      0.001       0.083
   72     1015.0518      0.001       0.084
   73     1015.0518      0.001       0.085
   74     1015.0518      0.001       0.087
   75     1015.0518      0.001       0.088
   76     1015.0518      0.001       0.089
   77     1015.0518      0.001       0.090
   78     1015.0518      0.001       0.092
   79     1015.0518      0.001       0.093
   80     1015.0518      0.001       0.094
   81     1015.0518      0.001       0.095
   82     1015.0518      0.001       0.096
   83     1015.0518      0.001       0.098
   84     1015.0518      0.001       0.099
   85     1015.0518      0.001       0.100
   86     1014.1878      0.001       0.101
   87     1014.1878      0.001       0.102
   88     1014.1878      0.001       0.104
   89     1014.1878      0.001       0.105
   90     1014.1878      0.001       0.106
   91     1014.1878      0.001       0.107
   92     1014.1878      0.001       0.109
   93     1014.1878      0.001       0.110
   94     1014.1878      0.001       0.112
   95     1014.1878      0.001       0.113
   96     1014.1878      0.001       0.114
   97     1014.1878      0.001       0.115
   98     1014.1878      0.001       0.117
   99     1014.1878      0.001       0.118
  100     1014.1878      0.001       0.119
# ---- resumen ----
n=2000 particulas=50 iters=100 tour_valido=SI L_mejor=1014.18785 (verificado 1014.18785)
tiempo: preparacion=0.006 s  PSO=0.119 s  total=0.130 s  (0.0012 s/iter)
memoria: pico RSS=6.0 MB
CSV,2000,50,100,1014.187850,0.006,0.119,6.0
