# n=2000 particulas=50 iters=100 w=0.70 c1=1.50 c2=1.50 hilos=12 semilla=3
# preparacion: 0.006 s | L_inicial=1026.6697
# iter  mejor_global  t_iter(s)  t_total(s)
    1     1024.7777      0.002       0.002
    2     1021.6604      0.001       0.003
    3     1020.8231      0.001       0.004
    4     1020.8231      0.001       0.005
    5     1020.8231      0.001       0.006
    6     1011.1728      0.001       0.007
    7     1011.1728      0.001       0.008
    8     1011.1728      0.001       0.009
    9     1011.1728      0.001       0.010
   10     1011.1728      0.001       0.011
   11     1011.1728      0.001       0.012
   12     1011.1728      0.001       0.013
   13     1011.1728      0.001       0.014
   14     1011.1728      0.001       0.015
   15     1011.1728      0.001       0.016
   16     1011.1728      0.001       0.017
   17     1011.1728      0.001       0.019
   18     1011.1728      0.001       0.020
   19     1011.1728      0.001       0.021
   20     1011.1728      0.001       0.022
   21     1011.1728      0.001       0.023
   22     1011.1728      0.001       0.024
   23     1011.1728      0.001       0.025
   24     1011.1728      0.001       0.027
   25     1011.1728      0.001       0.028
   26     1011.1728      0.001       0.029
   27     1011.1728      0.001       0.030
   28     1011.1728      0.001       0.031
   29     1011.1728      0.001       0.032
   30     1011.1728      0.001       0.034
   31     1011.1728      0.001       0.035
   32     1011.1728      0.001       0.036
   33     1011.1728      0.001       0.037
   34     1011.1728      0.001       0.038
   35     1011.1728      0.001       0.040
   36     1011.1728      0.001       0.041
   37     1011.1728      0.001       0.042
   38     1011.1728      0.001       0.044
   39     1011.1728      0.001       0.045
   40     1011.1728      0.001       0.046
   41     1011.1728      0.001       0.047
   42     1011.1728      0.001       0.049
   43     1011.1728      0.002       0.050
   44     1011.1728      0.001       0.052
   45     1011.1728      0.001       0.053
   46     1010.9165      0.001       0.054
   47     1010.9165      0.001       0.055
   48     1001.9391      0.001       0.057
   49     1001.9391      0.001       0.058
   50     1001.9391      0.001       0.059
   51     1001.9391      0.001       0.060
   52     1001.9391      0.001       0.062
   53     1001.9391      0.001       0.063
   54     1001.9391      0.001       0.064
   55     1001.9391      0.001       0.066
   56     1001.9391      0.001       0.067
   57     1001.9391      0.001       0.068
   58     1001.9391      0.001       0.069
   59     1001.9391      0.001       0.071
   60     1001.9391      0.001       0.072
   61     1001.9391      0.001       0.074
   62     1001.9391      0.001       0.075
   63     1001.9391      0.001       0.076
   64     1001.9391      0.001       0.078
   65     1001.9391      0.001       0.079
   66     1001.9391      0.001       0.080
   67     1001.9391      0.001       0.081
   68     1001.9391      0.001       0.083
   69     1001.9391      0.001       0.084
   70     1001.9391      0.001       0.085
   71     1001.9391      0.001       0.086
   72     1001.9391      0.001       0.087
   73     1001.9391      0.001       0.089
   74     1001.9391      0.001       0.090
   75     1001.9391      0.001       0.091
   76     1001.9391      0.001       0.092
   77     1001.9391      0.001       0.093
   78     1001.9391      0.001       0.095
   79     1001.9391      0.001       0.096
   80     1001.9391      0.001       0.097
   81     1001.9391      0.001       0.098
   82     1001.9391      0.001       0.099
   83     1001.9391      0.001       0.101
   84     1001.9391      0.001       0.102
   85     1001.9391      0.001       0.103
   86     1001.9391      0.001       0.104
   87     1001.9391      0.001       0.105
   88     1001.9391      0.001       0.106
   89     1001.9391      0.001       0.108
   90     1001.9391      0.001       0.109
   91     1001.9391      0.001       0.110
   92     1001.9391      0.001       0.111
   93     1001.9391      0.001       0.113
   94     1001.9391      0.001       0.114
   95     1001.9391      0.001       0.115
   96     1001.9391      0.001       0.116
   97     1001.9391      0.001       0.118
   98     1001.9391      0.001       0.119
   99     1001.9391      0.001       0.120
  100     1001.9391      0.001       0.122
# ---- resumen ----
n=2000 particulas=50 iters=100 tour_valido=SI L_mejor=1001.93908 (verificado 1001.93908)
tiempo: preparacion=0.006 s  PSO=0.122 s  total=0.133 s  (0.0012 s/iter)
memoria: pico RSS=6.0 MB
CSV,2000,50,100,1001.939080,0.006,0.122,6.0
