# n=2000 particulas=500 iters=100 w=0.70 c1=1.50 c2=1.50 hilos=12 semilla=3
# preparacion: 0.006 s | L_inicial=1015.3075
# iter  mejor_global  t_iter(s)  t_total(s)
    1     1007.8606      0.009       0.009
    2     1007.8606      0.008       0.017
    3     1007.8606      0.009       0.026
    4     1007.8606      0.008       0.034
    5     1007.8606      0.009       0.043
    6     1007.8606      0.009       0.051
    7     1007.8606      0.009       0.060
    8     1007.8606      0.008       0.069
    9     1007.8606      0.009       0.077
   10     1007.8606      0.008       0.086
   11     1007.8606      0.009       0.094
   12     1007.8606      0.008       0.103
   13     1007.8606      0.009       0.111
   14     1007.8606      0.008       0.120
   15     1007.8606      0.009       0.128
   16     1007.8606      0.008       0.137
   17     1007.8606      0.009       0.145
   18     1007.8606      0.009       0.154
   19     1007.8606      0.009       0.163
   20     1007.8606      0.008       0.171
   21     1007.8606      0.009       0.180
   22     1007.3524      0.009       0.189
   23     1007.3524      0.009       0.198
   24     1007.3524      0.009       0.206
   25     1007.3524      0.008       0.215
   26     1007.3524      0.009       0.224
   27     1007.3524      0.009       0.232
   28     1007.3524      0.008       0.241
   29     1007.3524      0.009       0.250
   30     1007.3524      0.009       0.259
   31     1007.3524      0.009       0.268
   32     1007.3524      0.009       0.277
   33     1007.3524      0.008       0.285
   34     1007.3524      0.009       0.294
   35     1007.3524      0.008       0.303
   36     1007.3524      0.009       0.311
   37     1003.4732      0.008       0.320
   38     1003.4732      0.009       0.329
   39     1003.4732      0.009       0.338
   40     1003.4732      0.008       0.347
   41     1003.4732      0.009       0.356
   42     1003.4732      0.008       0.364
   43     1003.4732      0.009       0.373
   44     1003.4732      0.008       0.381
   45     1003.4732      0.009       0.390
   46     1003.4732      0.008       0.399
   47     1003.4732      0.009       0.407
   48     1003.4732      0.009       0.417
   49     1003.4732      0.010       0.426
   50     1003.4732      0.008       0.435
   51     1003.4732      0.009       0.444
   52     1003.4732      0.008       0.452
   53     1003.4732      0.009       0.461
   54     1003.4732      0.008       0.470
   55     1003.4732      0.009       0.478
   56     1003.4732      0.008       0.487
   57     1003.4732      0.009       0.496
   58     1003.4732      0.009       0.505
   59     1003.4732      0.009       0.513
   60     1003.4732      0.009       0.522
   61     1003.4732      0.008       0.530
   62     1003.4732      0.009       0.539
   63     1003.4732      0.008       0.548
   64     1003.4732      0.009       0.557
   65     1003.4732      0.009       0.565
   66     1003.4732      0.009       0.574
   67     1003.4732      0.008       0.583
   68     1003.4732      0.009       0.592
   69     1003.4732      0.008       0.600
   70     1003.4732      0.008       0.608
   71     1003.4732      0.008       0.617
   72     1003.4732      0.009       0.626
   73     1003.4732      0.008       0.635
   74     1003.4732      0.009       0.643
   75     1003.4732      0.008       0.652
   76     1003.4732      0.009       0.661
   77     1003.4732      0.008       0.669
   78     1003.4732      0.009       0.678
   79     1003.4732      0.008       0.686
   80     1003.4732      0.009       0.695
   81     1003.4732      0.008       0.703
   82     1003.4732      0.009       0.712
   83     1003.4732      0.009       0.720
   84     1003.4732      0.009       0.729
   85     1003.4732      0.009       0.738
   86     1003.4732      0.008       0.746
   87     1003.4732      0.009       0.755
   88     1003.4732      0.009       0.763
   89     1003.4732      0.009       0.772
   90     1003.4732      0.008       0.781
   91     1003.4732      0.009       0.790
   92     1003.4732      0.009       0.798
   93     1003.4732      0.009       0.807
   94     1003.4732      0.009       0.816
   95     1003.4732      0.009       0.825
   96     1003.4732      0.008       0.833
   97     1003.4732      0.009       0.842
   98     1003.4732      0.008       0.850
   99     1002.9903      0.009       0.859
  100     1000.4346      0.009       0.869
# ---- resumen ----
n=2000 particulas=500 iters=100 tour_valido=SI L_mejor=1000.43456 (verificado 1000.43455)
tiempo: preparacion=0.006 s  PSO=0.869 s  total=0.926 s  (0.0087 s/iter)
memoria: pico RSS=16.3 MB
CSV,2000,500,100,1000.434555,0.006,0.869,16.3
