# n=20 particulas=50 iters=100 w=0.70 c1=1.50 c2=1.50 hilos=12 semilla=3
# preparacion: 0.000 s | L_inicial=9.1314
# iter  mejor_global  t_iter(s)  t_total(s)
    1        9.1061      0.002       0.002
    2        9.1061      0.000       0.002
    3        9.1061      0.000       0.002
    4        9.1061      0.000       0.002
    5        9.1061      0.000       0.003
    6        9.1061      0.000       0.003
    7        8.8302      0.000       0.003
    8        8.8302      0.000       0.003
    9        8.5110      0.000       0.003
   10        8.4295      0.000       0.004
   11        8.4295      0.000       0.004
   12        8.4295      0.000       0.004
   13        8.4295      0.000       0.004
   14        8.4295      0.000       0.005
   15        8.4295      0.000       0.005
   16        8.4295      0.000       0.005
   17        8.4295      0.000       0.005
   18        8.2846      0.000       0.005
   19        7.9666      0.000       0.006
   20        7.9666      0.000       0.006
   21        7.7912      0.000       0.006
   22        7.7912      0.000       0.006
   23        7.4067      0.000       0.007
   24        7.4067      0.000       0.007
   25        7.3757      0.000       0.007
   26        7.3757      0.000       0.007
   27        7.3757      0.000       0.008
   28        7.3757      0.000       0.008
   29        7.3757      0.000       0.008
   30        7.3757      0.000       0.008
   31        7.3757      0.000       0.008
   32        7.3757      0.000       0.009
   33        7.3757      0.000       0.009
   34        7.2040      0.000       0.009
   35        7.2040      0.000       0.009
   36        7.1824      0.000       0.010
   37        7.1824      0.000       0.010
   38        7.1824      0.000       0.010
   39        7.1824      0.000       0.010
   40        7.1824      0.000       0.011
   41        7.1824      0.000       0.011
   42        7.1744      0.000       0.011
   43        7.1744      0.000       0.011
   44        7.1744      0.000       0.012
   45        7.1744      0.000       0.012
   46        7.1744      0.000       0.012
   47        7.1744      0.000       0.012
   48        7.1744      0.000       0.013
   49        7.1744      0.000       0.013
   50        7.0369      0.000       0.013
   51        7.0369      0.000       0.013
   52        7.0369      0.000       0.013
   53        7.0369      0.000       0.014
   54        6.9844      0.000       0.014
   55        6.8877      0.000       0.014
   56        6.7590      0.000       0.014
   57        6.7403      0.000       0.015
   58        6.7403      0.000       0.015
   59        6.7403      0.000       0.015
   60        6.7403      0.000       0.015
   61        6.7403      0.000       0.016
   62        6.7403      0.000       0.016
   63        6.7139      0.000       0.016
   64        6.7139      0.000       0.016
   65        6.6313      0.000       0.017
   66        6.6313      0.000       0.017
   67        6.6313      0.000       0.017
   68        6.6313      0.000       0.017
   69        6.6313      0.000       0.017
   70        6.6313      0.000       0.018
   71        6.6313      0.000       0.018
   72        6.6313      0.000       0.018
   73        6.6313      0.000       0.018
   74        6.6313      0.000       0.019
   75        6.6313      0.000       0.019
   76        6.6313      0.000       0.019
   77        6.6313      0.000       0.019
   78        6.6313      0.000       0.020
   79        6.6313      0.000       0.020
   80        6.6313      0.000       0.020
   81        6.6313      0.000       0.020
   82        6.6313      0.000       0.021
   83        6.6313      0.000       0.021
   84        6.6313      0.000       0.021
   85        6.6313      0.000       0.021
   86        6.6313      0.000       0.021
   87        6.6313      0.000       0.022
   88        6.6313      0.000       0.022
   89        6.6313      0.000       0.022
   90        6.6313      0.000       0.022
   91        6.6272      0.000       0.023
   92        6.6272      0.000       0.023
   93        6.6272      0.000       0.023
   94        6.6272      0.000       0.023
   95        6.6272      0.000       0.024
   96        6.6272      0.000       0.024
   97        6.6272      0.000       0.024
   98        6.6272      0.000       0.024
   99        6.6272      0.000       0.024
  100        6.6272      0.000       0.025
# ---- resumen ----
n=20 particulas=50 iters=100 tour_valido=SI L_mejor=6.62719 (verificado 6.62719)
tiempo: preparacion=0.000 s  PSO=0.025 s  total=0.025 s  (0.0002 s/iter)
memoria: pico RSS=4.5 MB
CSV,20,50,100,6.627193,0.000,0.025,4.5
