# n=2000 particulas=500 iters=100 w=0.70 c1=1.50 c2=1.50 hilos=12 semilla=2
# preparacion: 0.006 s | L_inicial=1000.7171
# iter  mejor_global  t_iter(s)  t_total(s)
    1     1000.7171      0.009       0.009
    2     1000.7171      0.008       0.017
    3     1000.7171      0.008       0.025
    4     1000.7171      0.008       0.033
    5     1000.7171      0.009       0.042
    6     1000.7171      0.008       0.051
    7     1000.7171      0.009       0.059
    8     1000.7171      0.009       0.068
    9     1000.7171      0.008       0.077
   10     1000.7171      0.009       0.085
   11     1000.7171      0.009       0.094
   12     1000.7171      0.009       0.103
   13     1000.7171      0.008       0.111
   14     1000.7171      0.009       0.120
   15     1000.7171      0.009       0.129
   16     1000.7171      0.009       0.138
   17     1000.7171      0.008       0.146
   18     1000.7171      0.009       0.155
   19     1000.7171      0.008       0.163
   20     1000.7171      0.009       0.172
   21     1000.7171      0.008       0.181
   22     1000.7171      0.009       0.190
   23     1000.7171      0.008       0.198
   24     1000.7171      0.009       0.207
   25     1000.7171      0.008       0.215
   26     1000.7171      0.009       0.224
   27     1000.7171      0.009       0.233
   28     1000.7171      0.009       0.242
   29     1000.7171      0.008       0.250
   30     1000.7171      0.009       0.259
   31     1000.7171      0.008       0.267
   32     1000.7171      0.009       0.276
   33     1000.7171      0.009       0.285
   34     1000.7171      0.009       0.293
   35     1000.7171      0.009       0.302
   36     1000.7171      0.008       0.310
   37     1000.7171      0.009       0.320
   38     1000.7171      0.009       0.328
   39     1000.7171      0.009       0.337
   40     1000.7171      0.008       0.346
   41     1000.7171      0.009       0.354
   42     1000.7171      0.009       0.363
   43     1000.7171      0.009       0.372
   44     1000.7171      0.008       0.380
   45     1000.7171      0.009       0.389
   46     1000.7171      0.008       0.398
   47     1000.7171      0.009       0.406
   48     1000.7171      0.008       0.415
   49      998.1033      0.009       0.424
   50      998.1033      0.009       0.432
   51      998.1033      0.009       0.441
   52      998.1033      0.008       0.449
   53      998.1033      0.009       0.458
   54      998.1033      0.008       0.467
   55      998.1033      0.009       0.475
   56      998.1033      0.009       0.484
   57      998.1033      0.009       0.493
   58      997.4360      0.008       0.501
   59      997.4360      0.008       0.510
   60      997.4360      0.009       0.518
   61      997.4360      0.009       0.527
   62      997.4360      0.009       0.536
   63      997.4360      0.008       0.544
   64      997.4360      0.009       0.553
   65      997.4360      0.009       0.561
   66      997.4360      0.009       0.570
   67      997.4360      0.009       0.578
   68      997.4360      0.009       0.587
   69      997.4360      0.008       0.595
   70      997.4360      0.009       0.604
   71      997.4360      0.008       0.613
   72      997.4360      0.009       0.622
   73      997.4360      0.008       0.630
   74      997.4360      0.009       0.638
   75      997.4360      0.008       0.647
   76      997.4360      0.009       0.656
   77      997.4360      0.009       0.664
   78      997.4360      0.009       0.673
   79      997.4360      0.009       0.681
   80      997.4360      0.009       0.690
   81      997.4360      0.009       0.699
   82      997.4360      0.010       0.709
   83      997.4360      0.009       0.718
   84      997.4360      0.009       0.727
   85      997.4360      0.009       0.735
   86      997.4360      0.008       0.744
   87      997.4360      0.009       0.752
   88      997.4360      0.009       0.762
   89      997.4360      0.009       0.771
   90      997.4360      0.009       0.780
   91      997.4360      0.009       0.789
   92      997.4360      0.008       0.798
   93      997.4360      0.009       0.807
   94      997.4360      0.008       0.815
   95      997.4360      0.009       0.824
   96      997.4360      0.008       0.832
   97      997.4360      0.009       0.841
   98      997.4360      0.009       0.850
   99      997.4360      0.009       0.859
  100      997.4360      0.008       0.867
# ---- resumen ----
n=2000 particulas=500 iters=100 tour_valido=SI L_mejor=997.43598 (verificado 997.43598)
tiempo: preparacion=0.006 s  PSO=0.867 s  total=0.930 s  (0.0087 s/iter)
memoria: pico RSS=16.3 MB
CSV,2000,500,100,997.435981,0.006,0.867,16.3
