# n=20 particulas=500 iters=100 w=0.70 c1=1.50 c2=1.50 hilos=12 semilla=2
# preparacion: 0.000 s | L_inicial=8.6225
# iter  mejor_global  t_iter(s)  t_total(s)
    1        7.7042      0.002       0.002
    2        6.6452      0.000       0.002
    3        6.6452      0.000       0.002
    4        6.6452      0.000       0.003
    5        6.6452      0.000       0.003
    6        6.3745      0.000       0.003
    7        6.3644      0.000       0.004
    8        6.3644      0.000       0.004
    9        6.3644      0.000       0.004
   10        6.0075      0.000       0.005
   11        6.0075      0.000       0.005
   12        5.8670      0.000       0.005
   13        5.6663      0.000       0.006
   14        5.6663      0.000       0.006
   15        5.6545      0.000       0.006
   16        5.6545      0.000       0.007
   17        5.5717      0.000       0.007
   18        5.5717      0.000       0.007
   19        5.2694      0.000       0.007
   20        5.2694      0.000       0.008
   21        5.2694      0.000       0.008
   22        5.1046      0.000       0.008
   23        5.0966      0.000       0.009
   24        5.0919      0.000       0.009
   25        5.0919      0.000       0.009
   26        5.0919      0.000       0.009
   27        5.0919      0.000       0.010
   28        5.0771      0.000       0.010
   29        5.0020      0.000       0.010
   30        5.0020      0.000       0.011
   31        5.0020      0.000       0.011
   32        5.0020      0.000       0.011
   33        4.9872      0.000       0.012
   34        4.9850      0.000       0.012
   35        4.9850      0.000       0.012
   36        4.9850      0.000       0.012
   37        4.9703      0.000       0.013
   38        4.9703      0.000       0.013
   39        4.9703      0.000       0.013
   40        4.8032      0.000       0.014
   41        4.8032      0.000       0.014
   42        4.8032      0.000       0.014
   43        4.8032      0.000       0.014
   44        4.8032      0.000       0.015
   45        4.8032      0.000       0.015
   46        4.8032      0.000       0.015
   47        4.8032      0.000       0.016
   48        4.8032      0.000       0.016
   49        4.4390      0.000       0.016
   50        4.2632      0.000       0.017
   51        4.2632      0.000       0.017
   52        4.2632      0.000       0.017
   53        4.2632      0.000       0.017
   54        4.2632      0.000       0.018
   55        4.2632      0.000       0.018
   56        4.2632      0.000       0.018
   57        4.2632      0.000       0.019
   58        4.2632      0.000       0.019
   59        4.2632      0.000       0.019
   60        4.2632      0.000       0.020
   61        4.2632      0.000       0.020
   62        4.2632      0.000       0.020
   63        4.2632      0.000       0.020
   64        4.2632      0.000       0.021
   65        4.2632      0.000       0.021
   66        4.2632      0.000       0.021
   67        4.2632      0.000       0.022
   68        4.2632      0.000       0.022
   69        4.2632      0.000       0.022
   70        4.2632      0.000       0.023
   71        4.2626      0.000       0.023
   72        4.2380      0.000       0.023
   73        4.2380      0.000       0.023
   74        4.2380      0.000       0.024
   75        4.2380      0.000       0.024
   76        4.2380      0.000       0.024
   77        4.2380      0.000       0.025
   78        4.2380      0.000       0.025
   79        4.2380      0.000       0.025
   80        4.2380      0.000       0.026
   81        4.2380      0.000       0.026
   82        4.2380      0.000       0.026
   83        4.2380      0.000       0.026
   84        4.2380      0.000       0.027
   85        4.2380      0.000       0.027
   86        4.2380      0.000       0.027
   87        4.2015      0.000       0.028
   88        4.1614      0.000       0.028
   89        4.1614      0.000       0.028
   90        4.1614      0.000       0.029
   91        4.1614      0.000       0.029
   92        4.1614      0.000       0.029
   93        4.1614      0.000       0.030
   94        4.1614      0.000       0.030
   95        4.1614      0.000       0.030
   96        4.1614      0.000       0.031
   97        4.1614      0.000       0.031
   98        4.1614      0.000       0.031
   99        4.1614      0.000       0.031
  100        4.1614      0.000       0.032
# ---- resumen ----
n=20 particulas=500 iters=100 tour_valido=SI L_mejor=4.16143 (verificado 4.16143)
tiempo: preparacion=0.000 s  PSO=0.032 s  total=0.032 s  (0.0003 s/iter)
memoria: pico RSS=4.6 MB
CSV,20,500,100,4.161430,0.000,0.032,4.6
