# n=20 particulas=50 iters=100 w=0.70 c1=1.50 c2=1.50 hilos=12 semilla=2
# preparacion: 0.000 s | L_inicial=9.3538
# iter  mejor_global  t_iter(s)  t_total(s)
    1        9.1851      0.002       0.002
    2        9.1851      0.000       0.002
    3        8.7138      0.000       0.002
    4        8.7138      0.000       0.002
    5        8.2840      0.000       0.003
    6        8.2840      0.000       0.003
    7        8.2840      0.000       0.003
    8        8.1575      0.000       0.003
    9        7.9929      0.000       0.004
   10        7.9929      0.000       0.004
   11        7.9929      0.000       0.004
   12        7.9929      0.000       0.004
   13        7.9084      0.000       0.005
   14        7.9084      0.000       0.005
   15        7.9084      0.000       0.005
   16        7.7931      0.000       0.005
   17        7.7931      0.000       0.005
   18        7.7931      0.000       0.006
   19        7.7931      0.000       0.006
   20        7.7931      0.000       0.006
   21        7.7931      0.000       0.006
   22        7.7931      0.000       0.007
   23        7.7737      0.000       0.007
   24        7.7737      0.000       0.007
   25        7.7737      0.000       0.007
   26        7.7737      0.000       0.007
   27        7.7737      0.000       0.008
   28        7.7737      0.000       0.008
   29        7.6521      0.000       0.008
   30        7.6521      0.000       0.008
   31        7.6521      0.000       0.009
   32        7.6521      0.000       0.009
   33        7.6521      0.000       0.009
   34        7.6521      0.000       0.009
   35        7.6521      0.000       0.009
   36        7.6521      0.000       0.010
   37        7.5926      0.000       0.010
   38        7.5926      0.000       0.010
   39        7.5926      0.000       0.010
   40        7.5926      0.000       0.011
   41        7.5926      0.000       0.011
   42        7.5926      0.000       0.011
   43        7.5926      0.000       0.011
   44        7.4838      0.000       0.011
   45        7.4671      0.000       0.012
   46        7.2253      0.000       0.012
   47        7.2253      0.000       0.012
   48        7.2253      0.000       0.012
   49        7.2253      0.000       0.012
   50        7.0025      0.000       0.013
   51        7.0025      0.000       0.013
   52        7.0025      0.000       0.013
   53        6.7496      0.000       0.013
   54        6.7496      0.000       0.013
   55        6.7496      0.000       0.014
   56        6.7496      0.000       0.014
   57        6.7496      0.000       0.014
   58        6.2939      0.000       0.014
   59        6.2939      0.000       0.015
   60        6.2939      0.000       0.015
   61        6.2939      0.000       0.015
   62        6.2939      0.000       0.015
   63        6.2939      0.000       0.016
   64        6.2939      0.000       0.016
   65        6.2939      0.000       0.016
   66        6.2164      0.000       0.016
   67        6.2164      0.000       0.017
   68        6.2164      0.000       0.017
   69        6.2164      0.000       0.017
   70        6.2164      0.000       0.017
   71        6.2164      0.000       0.018
   72        6.2164      0.000       0.018
   73        6.2164      0.000       0.018
   74        6.2164      0.000       0.018
   75        6.1930      0.000       0.018
   76        6.1930      0.000       0.019
   77        6.1719      0.000       0.019
   78        5.7315      0.000       0.019
   79        5.6618      0.000       0.019
   80        5.6618      0.000       0.020
   81        5.6618      0.000       0.020
   82        5.6618      0.000       0.020
   83        5.5640      0.000       0.020
   84        5.5640      0.000       0.021
   85        5.5394      0.000       0.021
   86        5.5394      0.000       0.021
   87        5.5394      0.000       0.021
   88        5.5394      0.000       0.022
   89        5.5394      0.000       0.022
   90        5.5394      0.000       0.022
   91        5.5394      0.000       0.022
   92        5.5243      0.000       0.023
   93        5.5243      0.000       0.023
   94        5.5243      0.000       0.023
   95        5.5243      0.000       0.023
   96        5.5243      0.000       0.023
   97        5.4468      0.000       0.024
   98        5.4468      0.000       0.024
   99        5.4468      0.000       0.024
  100        5.4468      0.000       0.024
# ---- resumen ----
n=20 particulas=50 iters=100 tour_valido=SI L_mejor=5.44679 (verificado 5.44679)
tiempo: preparacion=0.000 s  PSO=0.024 s  total=0.025 s  (0.0002 s/iter)
memoria: pico RSS=4.5 MB
CSV,20,50,100,5.446786,0.000,0.024,4.5
