# n=2000 particulas=2048 iters=100 w=0.70 c1=1.50 c2=1.50 hilos=12 semilla=3
# preparacion: 0.006 s | L_inicial=1010.2107
# iter  mejor_global  t_iter(s)  t_total(s)
    1     1010.2107      0.031       0.031
    2     1010.2107      0.033       0.064
    3     1010.2107      0.034       0.098
    4     1010.2107      0.034       0.132
    5     1006.5434      0.033       0.165
    6     1006.5434      0.034       0.199
    7     1006.5434      0.034       0.234
    8     1006.5434      0.037       0.271
    9     1006.5434      0.034       0.306
   10     1006.5434      0.035       0.340
   11     1006.5434      0.034       0.374
   12     1006.5434      0.034       0.408
   13     1006.5434      0.034       0.443
   14     1006.5434      0.034       0.477
   15     1006.5434      0.034       0.511
   16     1006.5434      0.035       0.547
   17     1006.5434      0.034       0.581
   18     1006.5434      0.034       0.615
   19     1006.5434      0.035       0.650
   20     1006.5434      0.035       0.684
   21     1006.5434      0.035       0.719
   22     1004.6823      0.035       0.754
   23     1004.6823      0.035       0.789
   24     1004.6823      0.035       0.823
   25     1004.6823      0.034       0.857
   26     1004.6823      0.035       0.892
   27     1004.6823      0.035       0.927
   28     1004.6823      0.034       0.962
   29     1004.6823      0.035       0.997
   30     1004.2511      0.034       1.031
   31     1004.2511      0.034       1.065
   32     1004.2511      0.035       1.099
   33     1004.2511      0.034       1.134
   34     1004.2511      0.034       1.168
   35     1004.2511      0.034       1.202
   36     1004.2511      0.035       1.237
   37     1004.2511      0.035       1.272
   38     1004.2511      0.034       1.306
   39     1004.2511      0.037       1.343
   40     1004.2511      0.035       1.378
   41     1004.2511      0.035       1.413
   42     1004.2511      0.034       1.447
   43     1004.2511      0.034       1.482
   44     1004.2511      0.035       1.517
   45     1004.2511      0.035       1.551
   46     1004.2511      0.035       1.586
   47     1004.2511      0.035       1.621
   48     1004.2511      0.035       1.656
   49     1004.2511      0.036       1.692
   50     1004.2511      0.035       1.727
   51     1004.2511      0.035       1.762
   52     1004.2511      0.034       1.796
   53     1004.2511      0.035       1.831
   54     1004.2511      0.035       1.866
   55     1004.2511      0.035       1.902
   56     1004.2511      0.037       1.939
   57     1004.2511      0.037       1.975
   58     1004.2511      0.038       2.013
   59     1004.2511      0.036       2.049
   60     1004.2511      0.037       2.086
   61     1004.2511      0.035       2.121
   62     1004.2511      0.035       2.156
   63     1004.2511      0.035       2.192
   64     1004.2511      0.035       2.227
   65     1004.2511      0.035       2.262
   66     1004.2511      0.035       2.297
   67     1004.2511      0.036       2.333
   68     1004.2511      0.042       2.375
   69     1004.2511      0.042       2.417
   70     1004.2511      0.044       2.462
   71     1004.2511      0.043       2.505
   72     1004.2511      0.045       2.550
   73     1004.2511      0.043       2.593
   74     1004.2511      0.040       2.633
   75     1004.2511      0.045       2.678
   76     1004.2511      0.043       2.721
   77     1004.2511      0.040       2.761
   78     1004.2511      0.037       2.798
   79     1004.2511      0.040       2.838
   80     1004.2511      0.044       2.882
   81     1004.2511      0.041       2.923
   82     1004.2511      0.039       2.962
   83     1004.2511      0.038       2.999
   84     1004.2511      0.038       3.038
   85     1004.2511      0.038       3.076
   86     1004.2511      0.035       3.111
   87     1004.2511      0.035       3.145
   88     1004.2511      0.034       3.180
   89     1004.2511      0.035       3.215
   90     1004.2511      0.036       3.251
   91     1004.2511      0.034       3.285
   92     1004.2511      0.035       3.320
   93     1004.2511      0.035       3.355
   94     1004.2511      0.036       3.391
   95     1004.2511      0.036       3.427
   96     1004.2511      0.035       3.462
   97     1004.2511      0.035       3.496
   98     1004.2511      0.036       3.533
   99     1004.2511      0.036       3.568
  100     1000.6274      0.034       3.603
# ---- resumen ----
n=2000 particulas=2048 iters=100 tour_valido=SI L_mejor=1000.62742 (verificado 1000.62742)
tiempo: preparacion=0.006 s  PSO=3.603 s  total=3.821 s  (0.0360 s/iter)
memoria: pico RSS=51.7 MB
CSV,2000,2048,100,1000.627419,0.006,3.603,51.7
