# n=20 particulas=2048 iters=100 w=0.70 c1=1.50 c2=1.50 hilos=12 semilla=2
# preparacion: 0.000 s | L_inicial=8.4007
# iter  mejor_global  t_iter(s)  t_total(s)
    1        8.2455      0.002       0.002
    2        7.5476      0.001       0.003
    3        6.9265      0.001       0.003
    4        6.9265      0.001       0.004
    5        6.9265      0.001       0.004
    6        6.6953      0.001       0.005
    7        6.4889      0.001       0.006
    8        5.8730      0.001       0.006
    9        5.5690      0.001       0.007
   10        4.9215      0.001       0.007
   11        4.9215      0.001       0.008
   12        4.8958      0.001       0.009
   13        4.7963      0.001       0.009
   14        4.3531      0.001       0.010
   15        4.3531      0.001       0.011
   16        4.3531      0.001       0.011
   17        4.3531      0.001       0.012
   18        4.3531      0.001       0.013
   19        4.3531      0.001       0.013
   20        4.3531      0.001       0.014
   21        4.3531      0.001       0.014
   22        4.3531      0.001       0.015
   23        4.3319      0.001       0.016
   24        4.3074      0.001       0.016
   25        4.1860      0.001       0.017
   26        4.1860      0.001       0.018
   27        4.1860      0.001       0.018
   28        4.1860      0.001       0.019
   29        4.1860      0.001       0.020
   30        4.1614      0.001       0.020
   31        4.1614      0.001       0.021
   32        4.1614      0.001       0.021
   33        4.1614      0.001       0.022
   34        4.1614      0.001       0.023
   35        4.1614      0.001       0.023
   36        4.1614      0.001       0.024
   37        4.1614      0.001       0.024
   38        4.1614      0.001       0.025
   39        4.1614      0.001       0.026
   40        4.1614      0.001       0.026
   41        4.1614      0.001       0.027
   42        4.1614      0.001       0.028
   43        4.1614      0.001       0.028
   44        4.1614      0.001       0.029
   45        4.1614      0.001       0.030
   46        4.1614      0.001       0.030
   47        4.1614      0.001       0.031
   48        4.1614      0.001       0.031
   49        4.1614      0.001       0.032
   50        4.1614      0.001       0.033
   51        4.1614      0.001       0.033
   52        4.1614      0.001       0.034
   53        4.1614      0.001       0.034
   54        4.1614      0.001       0.035
   55        4.1614      0.001       0.036
   56        4.1614      0.001       0.036
   57        4.1614      0.001       0.037
   58        4.1614      0.001       0.038
   59        4.1614      0.001       0.038
   60        4.1614      0.001       0.039
   61        4.1614      0.001       0.039
   62        4.1614      0.001       0.040
   63        4.1614      0.001       0.040
   64        4.1614      0.001       0.041
   65        4.1614      0.001       0.042
   66        4.1614      0.001       0.042
   67        4.1614      0.001       0.043
   68        4.1614      0.001       0.044
   69        4.1614      0.001       0.044
   70        4.1614      0.001       0.045
   71        4.1614      0.001       0.046
   72        4.1614      0.001       0.046
   73        4.1614      0.001       0.047
   74        4.1614      0.001       0.047
   75        4.1614      0.001       0.048
   76        4.1614      0.001       0.049
   77        4.1614      0.001       0.049
   78        4.1614      0.001       0.050
   79        4.1614      0.001       0.051
   80        4.1614      0.001       0.051
   81        4.1614      0.001       0.052
   82        4.1614      0.001       0.052
   83        4.1614      0.001       0.053
   84        4.1614      0.001       0.054
   85        4.1614      0.001       0.054
   86        4.1614      0.001       0.055
   87        4.1614      0.001       0.055
   88        4.1614      0.001       0.056
   89        4.1614      0.001       0.057
   90        4.1614      0.001       0.057
   91        4.1614      0.001       0.058
   92        4.1614      0.001       0.058
   93        4.1614      0.001       0.059
   94        4.1614      0.001       0.060
   95        4.1614      0.001       0.060
   96        4.1614      0.001       0.061
   97        4.1614      0.001       0.061
   98        4.1614      0.001       0.062
   99        4.1614      0.001       0.063
  100        4.1614      0.001       0.063
# ---- resumen ----
n=20 particulas=2048 iters=100 tour_valido=SI L_mejor=4.16143 (verificado 4.16143)
tiempo: preparacion=0.000 s  PSO=0.063 s  total=0.065 s  (0.0006 s/iter)
memoria: pico RSS=5.0 MB
CSV,20,2048,100,4.161430,0.000,0.063,5.0
