# n=200 particulas=2048 iters=100 w=0.70 c1=1.50 c2=1.50 hilos=12 semilla=3
# preparacion: 0.001 s | L_inicial=94.6072
# iter  mejor_global  t_iter(s)  t_total(s)
    1       91.1009      0.004       0.004
    2       91.1009      0.002       0.006
    3       91.1009      0.002       0.008
    4       91.1009      0.002       0.010
    5       90.8536      0.002       0.013
    6       90.8536      0.003       0.015
    7       90.8536      0.003       0.018
    8       90.8536      0.003       0.021
    9       89.7508      0.003       0.024
   10       89.7508      0.003       0.027
   11       89.7508      0.003       0.030
   12       89.6871      0.003       0.033
   13       89.6871      0.003       0.036
   14       89.6871      0.003       0.039
   15       89.6871      0.003       0.042
   16       89.6871      0.003       0.045
   17       89.6871      0.003       0.048
   18       89.6871      0.004       0.052
   19       89.6871      0.003       0.055
   20       89.6871      0.003       0.059
   21       89.6871      0.003       0.062
   22       89.6871      0.003       0.065
   23       89.6871      0.003       0.068
   24       89.6871      0.003       0.071
   25       89.5738      0.003       0.074
   26       89.5738      0.003       0.077
   27       89.5738      0.003       0.080
   28       89.5738      0.003       0.084
   29       89.5738      0.003       0.087
   30       89.5738      0.003       0.090
   31       89.5738      0.003       0.093
   32       89.5738      0.003       0.096
   33       89.2849      0.003       0.099
   34       89.2849      0.003       0.102
   35       89.2849      0.003       0.105
   36       89.2849      0.003       0.108
   37       89.2849      0.003       0.111
   38       89.2849      0.003       0.114
   39       89.2849      0.003       0.117
   40       89.2849      0.003       0.120
   41       89.2849      0.003       0.123
   42       89.2849      0.003       0.126
   43       89.2849      0.003       0.129
   44       88.9784      0.003       0.132
   45       88.9784      0.003       0.135
   46       88.9784      0.003       0.138
   47       88.9784      0.003       0.141
   48       88.9784      0.003       0.144
   49       87.1234      0.003       0.147
   50       87.1234      0.003       0.150
   51       87.1234      0.003       0.153
   52       87.1234      0.003       0.156
   53       87.1234      0.003       0.159
   54       87.1234      0.003       0.162
   55       87.1234      0.003       0.165
   56       87.1234      0.003       0.168
   57       87.1234      0.003       0.171
   58       87.1234      0.003       0.174
   59       87.1234      0.003       0.177
   60       87.1234      0.003       0.179
   61       87.1234      0.003       0.183
   62       87.1234      0.003       0.186
   63       87.1234      0.003       0.189
   64       87.1234      0.003       0.192
   65       87.1234      0.003       0.194
   66       87.1234      0.003       0.197
   67       87.1234      0.003       0.201
   68       87.1234      0.003       0.203
   69       87.1234      0.003       0.206
   70       87.1234      0.003       0.209
   71       87.1234      0.003       0.212
   72       87.1234      0.003       0.215
   73       87.1234      0.003       0.218
   74       87.1234      0.003       0.221
   75       87.1234      0.003       0.224
   76       87.1234      0.003       0.227
   77       87.1234      0.003       0.230
   78       87.1234      0.003       0.233
   79       85.3532      0.003       0.236
   80       85.3532      0.003       0.239
   81       85.3532      0.003       0.242
   82       85.3532      0.003       0.245
   83       85.3532      0.003       0.248
   84       85.3532      0.003       0.251
   85       85.3532      0.003       0.254
   86       85.3532      0.003       0.257
   87       85.3532      0.003       0.260
   88       85.3532      0.003       0.263
   89       85.3532      0.003       0.266
   90       85.3532      0.003       0.269
   91       85.3532      0.003       0.271
   92       85.3532      0.003       0.274
   93       85.3532      0.003       0.277
   94       85.3532      0.003       0.280
   95       85.3532      0.003       0.283
   96       85.3532      0.003       0.287
   97       85.3532      0.003       0.290
   98       85.3532      0.003       0.293
   99       85.3532      0.003       0.296
  100       85.2200      0.003       0.299
# ---- resumen ----
n=200 particulas=2048 iters=100 tour_valido=SI L_mejor=85.21999 (verificado 85.21999)
tiempo: preparacion=0.001 s  PSO=0.299 s  total=0.314 s  (0.0030 s/iter)
memoria: pico RSS=9.2 MB
CSV,200,2048,100,85.219993,0.001,0.299,9.2
