# n=200 particulas=2048 iters=100 w=0.70 c1=1.50 c2=1.50 hilos=12 semilla=1
# preparacion: 0.001 s | L_inicial=89.9500
# iter  mejor_global  t_iter(s)  t_total(s)
    1       89.9500      0.004       0.004
    2       89.1903      0.002       0.006
    3       89.1903      0.002       0.008
    4       89.1903      0.003       0.011
    5       88.9794      0.003       0.014
    6       88.9794      0.003       0.016
    7       88.9794      0.003       0.019
    8       88.9794      0.003       0.022
    9       88.6508      0.003       0.025
   10       88.6508      0.003       0.028
   11       85.5120      0.003       0.031
   12       85.5120      0.003       0.034
   13       85.5120      0.003       0.037
   14       85.5120      0.003       0.040
   15       85.5120      0.003       0.043
   16       85.5120      0.003       0.046
   17       85.5120      0.003       0.049
   18       85.5120      0.003       0.052
   19       85.5120      0.003       0.055
   20       85.5120      0.003       0.058
   21       85.5120      0.003       0.061
   22       85.5120      0.003       0.064
   23       85.5120      0.003       0.067
   24       85.5120      0.003       0.070
   25       85.5120      0.003       0.073
   26       85.5120      0.003       0.076
   27       85.5120      0.003       0.080
   28       85.5120      0.003       0.083
   29       85.5120      0.003       0.086
   30       85.5120      0.003       0.089
   31       83.3997      0.003       0.092
   32       83.3997      0.003       0.095
   33       83.3997      0.003       0.099
   34       83.3997      0.003       0.102
   35       83.3997      0.003       0.105
   36       83.3997      0.003       0.108
   37       83.3997      0.003       0.111
   38       83.3997      0.003       0.114
   39       83.3997      0.003       0.117
   40       83.3997      0.003       0.120
   41       83.3997      0.003       0.123
   42       83.3997      0.003       0.127
   43       83.3997      0.004       0.131
   44       83.3997      0.003       0.134
   45       83.3997      0.003       0.137
   46       83.3997      0.003       0.140
   47       83.3997      0.003       0.143
   48       82.0739      0.003       0.146
   49       82.0739      0.003       0.149
   50       82.0739      0.003       0.153
   51       82.0739      0.003       0.156
   52       80.9447      0.003       0.160
   53       80.9447      0.003       0.163
   54       80.9447      0.003       0.166
   55       80.9447      0.003       0.169
   56       80.9447      0.003       0.172
   57       80.9447      0.003       0.175
   58       80.9447      0.003       0.178
   59       80.9447      0.003       0.181
   60       80.7433      0.003       0.184
   61       80.7433      0.003       0.187
   62       80.7433      0.003       0.190
   63       79.8977      0.003       0.193
   64       79.8977      0.003       0.196
   65       79.8977      0.003       0.199
   66       79.8977      0.003       0.202
   67       79.8977      0.003       0.205
   68       79.8977      0.003       0.207
   69       79.8977      0.003       0.211
   70       79.8977      0.003       0.214
   71       79.8977      0.003       0.216
   72       79.8977      0.003       0.219
   73       79.8977      0.003       0.222
   74       78.9681      0.003       0.225
   75       78.9681      0.003       0.228
   76       78.9681      0.003       0.231
   77       78.9681      0.003       0.234
   78       78.9681      0.003       0.237
   79       78.3519      0.003       0.240
   80       78.3519      0.003       0.243
   81       78.3519      0.003       0.246
   82       78.2242      0.003       0.249
   83       78.2242      0.003       0.252
   84       78.2242      0.003       0.254
   85       78.2242      0.003       0.257
   86       78.2242      0.003       0.260
   87       78.2242      0.003       0.263
   88       77.6320      0.003       0.266
   89       77.6320      0.003       0.269
   90       77.5778      0.003       0.271
   91       77.5778      0.003       0.274
   92       77.5235      0.003       0.277
   93       77.5235      0.003       0.281
   94       77.5235      0.003       0.283
   95       77.5235      0.003       0.286
   96       77.5235      0.003       0.289
   97       77.5235      0.003       0.292
   98       77.3276      0.003       0.295
   99       77.3276      0.003       0.298
  100       77.3276      0.003       0.301
# ---- resumen ----
n=200 particulas=2048 iters=100 tour_valido=SI L_mejor=77.32755 (verificado 77.32755)
tiempo: preparacion=0.001 s  PSO=0.301 s  total=0.317 s  (0.0030 s/iter)
memoria: pico RSS=9.2 MB
CSV,200,2048,100,77.327550,0.001,0.301,9.2
