# n=2000 particulas=2048 iters=100 w=0.70 c1=1.50 c2=1.50 hilos=12 semilla=2
# preparacion: 0.006 s | L_inicial=1000.7171
# iter  mejor_global  t_iter(s)  t_total(s)
    1     1000.7171      0.030       0.030
    2     1000.7171      0.034       0.064
    3     1000.7171      0.034       0.098
    4     1000.7171      0.034       0.132
    5     1000.7171      0.034       0.166
    6      999.8113      0.034       0.200
    7      999.8113      0.034       0.234
    8      999.8113      0.034       0.269
    9      999.8113      0.034       0.303
   10      999.8113      0.035       0.338
   11      999.8113      0.034       0.372
   12      999.8113      0.035       0.407
   13      998.1686      0.035       0.442
   14      998.1686      0.034       0.476
   15      998.1686      0.034       0.510
   16      998.1686      0.036       0.546
   17      998.1686      0.034       0.580
   18      998.1686      0.035       0.615
   19      998.1686      0.035       0.649
   20      998.1686      0.035       0.684
   21      998.1686      0.034       0.718
   22      998.1686      0.035       0.753
   23      998.1686      0.036       0.789
   24      998.1686      0.034       0.824
   25      998.1686      0.034       0.858
   26      998.1686      0.035       0.892
   27      998.1686      0.035       0.927
   28      998.1686      0.034       0.962
   29      998.1686      0.035       0.996
   30      998.1686      0.035       1.031
   31      998.1686      0.036       1.067
   32      998.1686      0.034       1.101
   33      998.1686      0.034       1.136
   34      998.1686      0.035       1.170
   35      998.1686      0.034       1.205
   36      998.1686      0.035       1.240
   37      998.1686      0.034       1.274
   38      998.1686      0.034       1.308
   39      998.1686      0.035       1.342
   40      998.1686      0.034       1.377
   41      998.1686      0.034       1.411
   42      998.1686      0.036       1.447
   43      998.1686      0.034       1.481
   44      998.1686      0.034       1.515
   45      998.1686      0.035       1.550
   46      998.1686      0.034       1.584
   47      998.1686      0.034       1.619
   48      998.1686      0.034       1.653
   49      998.1686      0.034       1.687
   50      998.1686      0.034       1.722
   51      998.1686      0.034       1.756
   52      998.1686      0.034       1.790
   53      998.1686      0.034       1.824
   54      998.1686      0.037       1.862
   55      998.1686      0.034       1.896
   56      998.1686      0.035       1.931
   57      998.1686      0.034       1.965
   58      998.1686      0.035       2.000
   59      998.1686      0.034       2.034
   60      998.1686      0.036       2.070
   61      997.3229      0.035       2.105
   62      997.3229      0.034       2.140
   63      997.3229      0.035       2.174
   64      997.3229      0.034       2.209
   65      997.3229      0.034       2.243
   66      997.3229      0.035       2.278
   67      997.3229      0.034       2.312
   68      997.3229      0.034       2.346
   69      997.3229      0.034       2.380
   70      997.3229      0.034       2.415
   71      997.3229      0.035       2.450
   72      997.3229      0.035       2.485
   73      997.3229      0.034       2.519
   74      997.3229      0.035       2.553
   75      997.3229      0.034       2.587
   76      997.3229      0.034       2.622
   77      997.3229      0.036       2.658
   78      997.3229      0.035       2.692
   79      997.3229      0.035       2.727
   80      997.3229      0.035       2.762
   81      997.3229      0.034       2.796
   82      997.3229      0.034       2.831
   83      997.3229      0.035       2.865
   84      997.3229      0.035       2.900
   85      997.3229      0.034       2.934
   86      997.1788      0.034       2.969
   87      997.1788      0.034       3.003
   88      997.1788      0.035       3.039
   89      997.1788      0.035       3.074
   90      997.1788      0.035       3.109
   91      997.1788      0.035       3.144
   92      997.1788      0.034       3.178
   93      997.1788      0.035       3.213
   94      997.1788      0.036       3.249
   95      997.1788      0.034       3.283
   96      997.1788      0.035       3.319
   97      997.1788      0.035       3.354
   98      997.1788      0.036       3.390
   99      997.1788      0.036       3.426
  100      997.1788      0.035       3.461
# ---- resumen ----
n=2000 particulas=2048 iters=100 tour_valido=SI L_mejor=997.17883 (verificado 997.17883)
tiempo: preparacion=0.006 s  PSO=3.461 s  total=3.673 s  (0.0346 s/iter)
memoria: pico RSS=51.7 MB
CSV,2000,2048,100,997.178831,0.006,3.461,51.7
