1227 0.931252 0.584656
1230 0.935917 0.584263
1231 0.942062 0.605491
1236 0.936835 0.629546
1237 0.926443 0.631737
1239 0.920068 0.630551
1238 0.903766 0.628096
1243 0.896921 0.629861
1241 0.879436 0.624063
1240 0.872650 0.623784
1242 0.874593 0.633019
1351 0.863958 0.647107
1349 0.850523 0.647285
1350 0.854354 0.659251
1361 0.852944 0.680737
1473 0.853941 0.715796
1472 0.827416 0.718790
1495 0.831228 0.747625
1493 0.825822 0.758660
1494 0.813847 0.760134
1470 0.798752 0.741090
1471 0.802357 0.718870
1362 0.800040 0.698591
1348 0.813103 0.670324
1347 0.789052 0.654762
1346 0.769912 0.665434
1365 0.773540 0.687745
1364 0.757310 0.705210
1363 0.754922 0.706851
1466 0.742453 0.711794
1468 0.746368 0.722948
1464 0.734288 0.739161
1465 0.713027 0.739172
1461 0.694747 0.735435
1504 0.684457 0.749443
1502 0.696219 0.749316
1503 0.704049 0.762802
1586 0.700599 0.779972
1585 0.689604 0.795346
1583 0.686410 0.801643
1584 0.689586 0.802469
1626 0.690193 0.823470
1714 0.678240 0.848691
1716 0.685184 0.860650
1715 0.685918 0.865567
1750 0.663729 0.872993
1751 0.673984 0.888779
1749 0.659902 0.888952
1752 0.650223 0.888936
1849 0.636522 0.903580
1847 0.635197 0.908139
1850 0.635263 0.913867
1848 0.632074 0.916999
1851 0.630608 0.931953
1852 0.649815 0.925840
1854 0.653428 0.915527
1853 0.666126 0.934472
1856 0.682587 0.923627
1855 0.689644 0.922267
1891 0.688911 0.949680
1890 0.687979 0.954832
1892 0.696191 0.958519
1888 0.726993 0.942300
1887 0.743309 0.957401
1889 0.728288 0.963870
1984 0.762143 0.993036
1983 0.767316 0.988430
1985 0.769678 0.990466
1989 0.782858 0.983425
1987 0.784279 0.991936
1986 0.795497 0.997665
1990 0.807023 0.996248
1991 0.823581 0.992296
1993 0.848472 0.968313
1882 0.854966 0.953801
1883 0.865750 0.950556
1881 0.894316 0.959832
1995 0.888011 0.979989
1994 0.902393 0.981854
1996 0.904037 0.999150
1997 0.931302 0.982000
1878 0.938766 0.964858
1880 0.932024 0.954152
1879 0.936020 0.938391
1870 0.923049 0.931697
1869 0.912919 0.928465
1868 0.884771 0.921063
1735 0.914665 0.893632
1734 0.919624 0.897545
1727 0.949280 0.867440
1728 0.944433 0.867189
1729 0.943841 0.845074
1605 0.956471 0.837981
1606 0.945774 0.831833
1604 0.947419 0.820191
1607 0.961360 0.808108
1601 0.949666 0.793305
1487 0.930963 0.774058
1485 0.938111 0.758211
1488 0.929197 0.752747
1486 0.920553 0.752068
1489 0.916869 0.744241
1478 0.919107 0.724420
1477 0.914179 0.722088
1360 0.904674 0.703644
1359 0.919102 0.700436
1358 0.936800 0.703423
1352 0.955211 0.669767
1353 0.961808 0.676105
1357 0.976723 0.698168
1356 0.981886 0.682718
1355 0.995582 0.673755
1354 0.985735 0.648694
1235 0.999942 0.636232
1234 0.975385 0.616760
1233 0.964430 0.608783
1232 0.961015 0.589736
1128 0.967165 0.563426
1127 0.952056 0.549000
1129 0.928307 0.550377
1122 0.927239 0.540770
1123 0.925237 0.532345
995 0.919646 0.512685
996 0.910293 0.489110
999 0.896878 0.500411
998 0.893818 0.511875
1120 0.884885 0.524108
1121 0.888266 0.545602
1119 0.883704 0.545110
1131 0.873226 0.548894
1118 0.860473 0.528072
1000 0.873005 0.503522
1001 0.872437 0.498028
997 0.878544 0.500661
987 0.881641 0.476524
985 0.866672 0.477344
986 0.865760 0.452109
868 0.856396 0.446100
869 0.847396 0.442205
866 0.843243 0.428657
872 0.833342 0.433236
873 0.817759 0.445868
982 0.813822 0.452123
870 0.810579 0.450366
871 0.807171 0.432263
874 0.782607 0.429140
838 0.785575 0.399695
837 0.795640 0.390063
722 0.789646 0.374542
836 0.769105 0.387411
724 0.767770 0.386836
723 0.765029 0.369755
725 0.769794 0.360191
689 0.765292 0.344689
691 0.782888 0.333762
692 0.787806 0.340336
690 0.791002 0.327309
693 0.817893 0.328137
600 0.832124 0.322505
694 0.838749 0.330405
695 0.847578 0.345482
718 0.859252 0.369040
719 0.856160 0.379203
842 0.859278 0.388204
843 0.843127 0.394577
841 0.827528 0.392151
720 0.821166 0.384949
721 0.819655 0.372711
840 0.805018 0.397918
839 0.805572 0.410032
835 0.753711 0.409843
878 0.754168 0.423052
876 0.752291 0.435679
875 0.752065 0.442172
877 0.745207 0.431401
883 0.739200 0.431760
833 0.739288 0.418023
880 0.741739 0.419939
832 0.731058 0.414378
834 0.738316 0.406387
726 0.729194 0.385421
831 0.710880 0.393797
829 0.705412 0.394319
827 0.696286 0.392950
830 0.703098 0.408731
828 0.695341 0.418382
884 0.698151 0.430499
889 0.694692 0.431526
886 0.695609 0.439921
888 0.694471 0.443761
978 0.700786 0.454697
879 0.711494 0.448698
881 0.711464 0.441774
887 0.707835 0.435311
882 0.719615 0.436374
980 0.729520 0.459243
979 0.731165 0.464691
981 0.748629 0.477087
1008 0.755768 0.497967
1009 0.756354 0.502770
1117 0.772874 0.524080
1005 0.780375 0.508543
1006 0.774832 0.509695
1116 0.747950 0.525157
1114 0.735112 0.540783
1135 0.725016 0.555580
1137 0.724712 0.552054
1136 0.712523 0.569762
1139 0.695448 0.555715
1138 0.688206 0.554302
1141 0.676790 0.555361
1140 0.673637 0.555160
1142 0.649304 0.550567
1212 0.650852 0.582865
1214 0.692813 0.585576
1213 0.692807 0.609583
1250 0.699133 0.619440
1251 0.701599 0.635338
1252 0.676137 0.626022
1254 0.655149 0.624005
1256 0.639329 0.628892
1257 0.641381 0.638288
1253 0.648915 0.642666
1255 0.627575 0.636532
1259 0.611932 0.633867
1258 0.602888 0.616482
1339 0.583845 0.648314
1375 0.586957 0.690178
1376 0.595786 0.694104
1373 0.600437 0.707863
1374 0.602680 0.708960
1453 0.601514 0.714608
1456 0.617589 0.725462
1455 0.621608 0.718092
1370 0.626497 0.702643
1369 0.629604 0.704957
1368 0.641421 0.692235
1372 0.636558 0.689669
1371 0.639732 0.682055
1367 0.660801 0.682321
1341 0.668418 0.671534
1340 0.674038 0.663818
1342 0.682340 0.660784
1366 0.695839 0.683859
1463 0.713057 0.709861
1462 0.694348 0.709989
1460 0.690141 0.709688
1457 0.660841 0.711781
1458 0.667624 0.729567
1459 0.659308 0.726200
1454 0.637869 0.734809
1507 0.654614 0.745195
1505 0.651423 0.758149
1506 0.650161 0.760765
1581 0.651653 0.775391
1582 0.658630 0.803322
1628 0.638375 0.819425
1627 0.614421 0.816848
1630 0.605933 0.826482
1629 0.586641 0.812259
1580 0.592437 0.791480
1512 0.602813 0.771051
1513 0.597560 0.762092
1514 0.594477 0.758270
1511 0.610218 0.757414
1508 0.624145 0.745921
1509 0.621786 0.746868
1510 0.635815 0.761103
1578 0.569126 0.778479
1577 0.562209 0.788094
1576 0.561672 0.798157
1579 0.550005 0.792339
1631 0.561158 0.817864
1708 0.552217 0.838878
1705 0.543713 0.839244
1633 0.544700 0.830874
1632 0.519767 0.834176
1704 0.527564 0.847501
1703 0.508402 0.866727
1764 0.487975 0.885901
1763 0.503724 0.894469
1837 0.514387 0.903376
1841 0.517797 0.910203
1839 0.507452 0.918195
1838 0.505050 0.932454
1898 0.515038 0.944316
1971 0.527698 0.974912
1970 0.528873 0.982049
1973 0.519495 0.979171
1972 0.533342 0.994528
1897 0.545587 0.959672
1974 0.555951 0.969437
1975 0.595929 0.968617
1895 0.591841 0.955293
1896 0.604961 0.948353
1894 0.610620 0.946768
1893 0.631374 0.965126
1976 0.632124 0.980118
1978 0.651813 0.985614
1979 0.658547 0.983549
1977 0.671426 0.988534
1980 0.674182 0.980115
1982 0.693949 0.991077
1981 0.707830 0.997905
1857 0.760017 0.928763
1886 0.782382 0.950662
1988 0.794372 0.967862
1885 0.807942 0.943458
1860 0.812974 0.913911
1861 0.807263 0.905274
1742 0.788677 0.885346
1743 0.781917 0.890811
1859 0.780769 0.909912
1858 0.761235 0.904798
1744 0.751895 0.887288
1746 0.753646 0.879144
1745 0.744397 0.874477
1718 0.735897 0.859580
1717 0.720210 0.867561
1747 0.715337 0.882259
1748 0.721228 0.885201
1624 0.727978 0.837454
1623 0.722807 0.833853
1625 0.741540 0.815243
1622 0.757319 0.808286
1588 0.754369 0.792438
1592 0.742811 0.783657
1590 0.746833 0.781368
1591 0.756705 0.777511
1499 0.760920 0.764822
1498 0.765705 0.754887
1497 0.787876 0.759695
1496 0.783458 0.764561
1593 0.794911 0.779901
1595 0.801321 0.790413
1594 0.796810 0.804794
1616 0.792381 0.808562
1619 0.789298 0.814200
1618 0.795063 0.814406
1617 0.795798 0.813737
1613 0.810293 0.810427
1596 0.835475 0.794001
1597 0.838565 0.780311
1598 0.855326 0.798817
1611 0.850104 0.811113
1612 0.836123 0.833047
1722 0.828069 0.842601
1723 0.849483 0.852487
1724 0.856074 0.856767
1609 0.882977 0.838408
1610 0.899548 0.834057
1726 0.908403 0.849597
1725 0.897399 0.857768
1608 0.920120 0.835940
1600 0.919574 0.799931
1599 0.891171 0.791587
1491 0.900961 0.756437
1492 0.893769 0.762505
1490 0.882227 0.749875
1476 0.886263 0.731960
1474 0.879544 0.720625
1475 0.888526 0.718340
1480 0.940463 0.729206
1479 0.953672 0.730635
1481 0.981780 0.725178
1482 0.985250 0.769714
1483 0.983170 0.770307
1484 0.977674 0.764156
1602 0.980331 0.801805
1603 0.999031 0.831335
1730 0.981790 0.855312
1731 0.985500 0.871945
1732 0.999511 0.880007
1875 0.972181 0.907871
1733 0.966766 0.903197
1873 0.961549 0.910129
1872 0.961996 0.916539
1874 0.958807 0.924913
1871 0.957240 0.926906
1877 0.973673 0.967601
1998 0.964768 0.981286
1999 0.985219 0.994953
1876 0.991055 0.955597
1992 0.869318 0.999924
1884 0.839272 0.942210
1866 0.842468 0.929404
1864 0.852390 0.926168
1867 0.855032 0.918442
1865 0.852512 0.906614
1738 0.855671 0.886099
1739 0.838294 0.892388
1737 0.844470 0.892544
1736 0.840472 0.896947
1740 0.834899 0.901304
1863 0.835001 0.910365
1862 0.831449 0.923375
1741 0.822846 0.881562
1721 0.812609 0.862318
1720 0.801248 0.851788
1620 0.793203 0.834952
1615 0.774858 0.830277
1621 0.765758 0.838655
1719 0.747686 0.840547
1614 0.780351 0.806810
1589 0.773714 0.786741
1500 0.745670 0.759589
1501 0.722409 0.757170
1587 0.717373 0.787647
1469 0.766818 0.720698
1467 0.763336 0.716484
1345 0.734874 0.673067
1344 0.729124 0.663480
1343 0.717224 0.652240
1247 0.721756 0.643813
1248 0.727242 0.635559
1249 0.735329 0.628911
1215 0.737191 0.597978
1216 0.756883 0.588014
1217 0.763483 0.605605
1218 0.771445 0.604477
1246 0.825688 0.629280
1245 0.862472 0.616615
1222 0.865187 0.609442
1221 0.843050 0.591352
1220 0.840257 0.594806
1219 0.831632 0.582649
1132 0.840067 0.568361
1133 0.855707 0.579978
1130 0.890842 0.574727
1225 0.902477 0.591329
1228 0.903488 0.592874
1226 0.894833 0.603907
1223 0.893825 0.603781
1224 0.888877 0.604478
1244 0.876903 0.615104
1229 0.913655 0.590087
1124 0.938555 0.520051
993 0.951892 0.506696
994 0.941452 0.494181
989 0.946021 0.471620
990 0.942257 0.452009
988 0.917754 0.458880
861 0.906566 0.440762
864 0.913979 0.429419
860 0.923457 0.428077
863 0.932758 0.431142
862 0.932868 0.423796
865 0.929885 0.422650
845 0.930910 0.418276
849 0.936767 0.416720
857 0.952797 0.423516
859 0.958852 0.419893
848 0.956766 0.401265
707 0.966542 0.383948
705 0.949843 0.377461
713 0.932985 0.386018
708 0.926418 0.387059
711 0.919725 0.377710
710 0.928538 0.372289
709 0.926078 0.364717
712 0.908081 0.371594
716 0.903209 0.366734
717 0.885032 0.358168
715 0.876238 0.370215
714 0.892684 0.383960
847 0.906813 0.406942
846 0.919252 0.418304
856 0.948830 0.433011
858 0.957224 0.430074
851 0.983328 0.414985
850 0.985266 0.418341
854 0.993052 0.425972
855 0.995382 0.434059
852 0.990963 0.401367
853 0.993305 0.388491
704 0.992605 0.362946
703 0.989649 0.362832
702 0.982785 0.363358
698 0.984790 0.353224
701 0.988228 0.346920
700 0.975988 0.342754
699 0.970752 0.334586
697 0.962584 0.333221
706 0.952544 0.359889
588 0.953099 0.310731
590 0.953965 0.306861
587 0.943756 0.302302
589 0.940419 0.309685
593 0.933260 0.295268
592 0.934861 0.297432
591 0.921358 0.301654
578 0.902595 0.281138
577 0.902212 0.275911
580 0.918212 0.266037
470 0.913920 0.250358
468 0.904230 0.248153
472 0.889312 0.257470
579 0.879222 0.260342
576 0.868398 0.279505
596 0.875524 0.293565
599 0.862006 0.300291
597 0.867163 0.312180
594 0.875677 0.305734
595 0.881936 0.310634
696 0.906128 0.327978
598 0.846728 0.299257
601 0.828115 0.294477
575 0.811676 0.282344
574 0.796686 0.290244
602 0.777060 0.293100
572 0.771380 0.283555
573 0.750614 0.271822
605 0.731286 0.295848
603 0.737945 0.306765
604 0.729737 0.314087
688 0.733985 0.348513
729 0.738782 0.358935
728 0.727875 0.358517
727 0.726088 0.355080
687 0.684684 0.353051
730 0.683318 0.367416
731 0.663220 0.376251
825 0.677203 0.400759
826 0.675959 0.407424
824 0.670161 0.405857
891 0.667670 0.422988
890 0.659921 0.436720
894 0.673903 0.444175
885 0.680654 0.451067
977 0.667240 0.482193
1016 0.668499 0.496511
1015 0.670305 0.507388
1112 0.670153 0.522903
1111 0.665067 0.522727
1110 0.653760 0.525201
1109 0.637571 0.518163
1014 0.648213 0.501868
976 0.628339 0.479218
1017 0.615295 0.500193
1018 0.608395 0.504694
1019 0.602475 0.493940
975 0.587606 0.476268
974 0.583956 0.482904
1020 0.577403 0.505285
1108 0.582070 0.526865
1144 0.603412 0.570369
1143 0.605973 0.576578
1211 0.601377 0.584173
1210 0.596641 0.595855
1209 0.579617 0.601733
1147 0.568257 0.576092
1146 0.564111 0.565926
1145 0.550991 0.577084
1149 0.531828 0.573884
1150 0.531261 0.567087
1151 0.524964 0.567675
1148 0.521598 0.570019
1154 0.505173 0.573205
1152 0.500732 0.562480
1153 0.491201 0.564150
1155 0.494550 0.554705
1106 0.491556 0.543830
1030 0.475883 0.514763
1028 0.488970 0.515765
1026 0.494767 0.506946
1029 0.500528 0.502225
1027 0.508179 0.503300
1025 0.509115 0.504468
1023 0.525040 0.510258
1024 0.539015 0.504403
1022 0.525737 0.491747
969 0.510403 0.483827
967 0.487463 0.476660
966 0.476417 0.453229
907 0.476912 0.447046
905 0.484717 0.447704
906 0.501038 0.436017
904 0.495960 0.429003
814 0.483379 0.406557
742 0.479143 0.377060
743 0.471608 0.366780
746 0.450221 0.366492
681 0.452678 0.349921
680 0.436664 0.347897
744 0.429369 0.359897
747 0.431516 0.367015
745 0.423517 0.368792
677 0.415221 0.341417
678 0.410389 0.337125
679 0.410615 0.328557
621 0.396930 0.309138
623 0.397193 0.295337
550 0.398199 0.279826
549 0.381286 0.286044
624 0.367931 0.299389
626 0.339840 0.312729
625 0.349799 0.322071
674 0.347644 0.335585
675 0.355868 0.351758
676 0.374382 0.353006
748 0.374847 0.361110
749 0.379223 0.360753
750 0.373510 0.367975
751 0.355232 0.382040
805 0.341159 0.392258
752 0.327285 0.378858
755 0.320814 0.374919
754 0.321719 0.364376
672 0.319448 0.353279
671 0.318944 0.352352
669 0.287422 0.345875
670 0.277619 0.346034
668 0.259453 0.353638
758 0.256157 0.355761
665 0.249075 0.352846
666 0.250263 0.343001
667 0.256026 0.342731
631 0.263716 0.316924
632 0.254999 0.313815
629 0.260488 0.300429
630 0.267824 0.299782
544 0.268799 0.288276
543 0.279135 0.281290
507 0.281609 0.251386
505 0.311094 0.234828
506 0.322393 0.226510
417 0.314791 0.216598
418 0.323224 0.196457
371 0.319956 0.192610
372 0.318678 0.181373
368 0.323472 0.170688
370 0.341829 0.189719
369 0.345051 0.185898
367 0.349884 0.177556
268 0.353259 0.157615
269 0.367287 0.150752
217 0.372255 0.123785
215 0.356267 0.120046
218 0.357746 0.118707
216 0.359430 0.114837
137 0.360207 0.086161
138 0.365963 0.083038
136 0.370370 0.076227
140 0.359809 0.072329
97 0.345450 0.060836
99 0.336989 0.055252
98 0.335876 0.052236
100 0.341145 0.049438
95 0.337678 0.038207
96 0.338968 0.037537
94 0.342019 0.034165
16 0.345761 0.024576
17 0.348145 0.009636
19 0.366948 0.013031
93 0.366268 0.035756
92 0.395855 0.057321
139 0.382138 0.073830
141 0.432001 0.089335
145 0.461798 0.092597
214 0.467798 0.108074
271 0.466628 0.129429
213 0.477981 0.128476
274 0.482935 0.130001
273 0.483074 0.130282
276 0.482520 0.133245
275 0.473107 0.141890
272 0.478297 0.152390
278 0.485416 0.158738
277 0.498766 0.151035
279 0.511767 0.153496
282 0.519226 0.160937
281 0.525015 0.141770
280 0.518582 0.131338
212 0.498688 0.121345
211 0.506227 0.108586
148 0.500632 0.093845
147 0.494981 0.092850
146 0.490891 0.090648
144 0.482162 0.080003
143 0.474713 0.071809
142 0.454622 0.066093
89 0.434058 0.057646
88 0.427697 0.046452
91 0.439665 0.040267
90 0.437826 0.037616
21 0.436432 0.025064
22 0.449219 0.006210
25 0.451905 0.016299
23 0.459479 0.023978
24 0.480980 0.016447
87 0.478900 0.046820
86 0.482935 0.037828
26 0.498297 0.031039
27 0.507335 0.031201
85 0.515468 0.046969
84 0.518728 0.054658
151 0.526480 0.075875
150 0.535891 0.085153
208 0.557300 0.098057
210 0.535296 0.109466
209 0.535320 0.117661
287 0.548438 0.135709
286 0.562375 0.142747
284 0.568826 0.142689
283 0.567115 0.157295
350 0.556827 0.164275
285 0.553651 0.153467
349 0.565991 0.174628
348 0.582062 0.171618
289 0.588695 0.148870
288 0.587550 0.143979
207 0.591933 0.110467
206 0.597136 0.107856
204 0.600472 0.104598
205 0.601419 0.115099
201 0.616708 0.115014
202 0.623336 0.111208
203 0.643633 0.120473
196 0.654403 0.110717
197 0.658552 0.112261
198 0.661125 0.099660
158 0.663074 0.082072
159 0.656990 0.081848
156 0.643483 0.080999
199 0.645888 0.100455
200 0.619441 0.125664
290 0.625085 0.131248
291 0.637593 0.141395
294 0.653776 0.142353
292 0.665583 0.153121
293 0.671448 0.148143
295 0.687352 0.141259
296 0.694247 0.136163
342 0.693935 0.162804
343 0.692229 0.182259
345 0.683379 0.185551
344 0.683384 0.191551
445 0.693653 0.195942
446 0.704244 0.202027
341 0.714793 0.192818
339 0.747902 0.181288
337 0.754028 0.180503
338 0.763692 0.182483
448 0.765042 0.201018
449 0.782917 0.204096
450 0.780452 0.220757
452 0.793465 0.218896
451 0.802957 0.221921
477 0.794173 0.229379
476 0.793312 0.256784
478 0.770744 0.255789
480 0.767846 0.239465
479 0.758696 0.228457
571 0.730574 0.259963
481 0.719774 0.254371
570 0.717688 0.268021
566 0.702153 0.267111
568 0.701565 0.272868
569 0.703835 0.273540
567 0.691100 0.259739
565 0.681121 0.271211
563 0.653166 0.266182
484 0.655365 0.250707
482 0.667717 0.234877
447 0.695318 0.219445
443 0.666629 0.202887
444 0.661923 0.201276
346 0.663212 0.186688
347 0.646217 0.173144
442 0.647170 0.197287
440 0.611497 0.197932
441 0.594695 0.222065
438 0.583319 0.204893
439 0.583880 0.209243
435 0.560826 0.214170
434 0.555764 0.217751
436 0.550733 0.214640
432 0.545685 0.211482
433 0.531056 0.208327
495 0.512220 0.231404
498 0.507441 0.257076
497 0.503420 0.249832
496 0.487692 0.227896
431 0.490461 0.217548
430 0.489874 0.212645
429 0.498852 0.199417
354 0.499006 0.187716
353 0.497161 0.172252
357 0.478844 0.175198
355 0.462886 0.181940
356 0.451989 0.172457
360 0.445277 0.175697
361 0.425213 0.168671
364 0.417143 0.175091
365 0.414585 0.169561
362 0.407639 0.171059
363 0.406240 0.181622
423 0.388540 0.200829
421 0.379146 0.193824
420 0.366645 0.200230
366 0.357095 0.189518
419 0.369914 0.211586
501 0.369991 0.225915
500 0.355511 0.245812
502 0.372999 0.246899
503 0.381145 0.253346
548 0.364401 0.266476
547 0.339083 0.271802
504 0.329553 0.251097
545 0.310945 0.263488
546 0.322260 0.269223
628 0.312669 0.293167
627 0.316183 0.318990
673 0.326014 0.329362
753 0.309437 0.379041
757 0.285648 0.379820
756 0.267326 0.375771
759 0.255437 0.382148
761 0.242107 0.375948
760 0.245206 0.366283
762 0.224563 0.355097
767 0.219833 0.357141
663 0.210253 0.350820
664 0.209059 0.335216
662 0.186062 0.329615
636 0.192731 0.311070
637 0.189390 0.309796
638 0.182173 0.309305
635 0.166431 0.295709
539 0.164519 0.282640
535 0.138165 0.286839
536 0.131337 0.276118
534 0.101746 0.264374
532 0.084682 0.279649
533 0.075675 0.261218
531 0.059271 0.267425
529 0.053108 0.278859
530 0.052598 0.278062
646 0.057117 0.299481
643 0.072415 0.317855
644 0.073475 0.320788
657 0.071351 0.323668
651 0.060132 0.329824
656 0.066773 0.338243
654 0.056943 0.350614
652 0.055164 0.347418
653 0.043285 0.340768
645 0.036921 0.316238
647 0.032540 0.304374
649 0.023746 0.304052
650 0.022439 0.296795
648 0.015766 0.321509
778 0.004987 0.361949
779 0.026684 0.367103
777 0.032203 0.364555
774 0.065870 0.377295
775 0.081963 0.382479
776 0.092504 0.373387
772 0.100446 0.360481
655 0.094342 0.349899
659 0.109665 0.331044
658 0.121707 0.350167
773 0.115021 0.359883
771 0.150295 0.372091
770 0.146068 0.357014
660 0.160657 0.341568
661 0.152771 0.328706
640 0.141022 0.315340
641 0.129746 0.316296
639 0.130807 0.299636
642 0.123277 0.293034
523 0.122481 0.248429
522 0.109897 0.238694
525 0.091700 0.229921
401 0.080952 0.220351
402 0.081181 0.212967
400 0.091409 0.203518
392 0.079417 0.188613
393 0.080708 0.181361
394 0.060428 0.165035
252 0.055754 0.152693
250 0.059803 0.145466
254 0.062714 0.132962
253 0.050033 0.133209
251 0.032444 0.146468
248 0.024477 0.146688
249 0.024676 0.134704
240 0.027631 0.125663
243 0.022732 0.124146
244 0.017270 0.110942
239 0.040205 0.100758
119 0.054809 0.080250
120 0.055343 0.082418
238 0.064384 0.102514
236 0.079891 0.105760
237 0.084034 0.112669
123 0.101518 0.093391
122 0.113713 0.071921
109 0.086858 0.060422
121 0.079273 0.064566
110 0.063053 0.056009
113 0.059174 0.051161
112 0.050026 0.053482
111 0.040776 0.050287
114 0.028292 0.039617
115 0.030575 0.037043
116 0.028771 0.033716
4 0.032270 0.027216
0 0.013786 0.001648
3 0.050747 0.000852
2 0.054636 0.015294
1 0.061505 0.025668
5 0.069862 0.030444
108 0.096904 0.033661
6 0.119782 0.020804
7 0.131097 0.016926
8 0.154388 0.032043
9 0.170137 0.024699
107 0.163056 0.045929
106 0.180307 0.058431
127 0.165080 0.070736
126 0.167355 0.091728
129 0.177132 0.090243
229 0.177917 0.098421
130 0.181937 0.096404
128 0.189445 0.096542
228 0.220128 0.097673
226 0.235312 0.107975
225 0.251462 0.098161
224 0.252601 0.102976
222 0.260759 0.099127
131 0.251742 0.079595
134 0.266635 0.065518
103 0.260976 0.055239
104 0.269216 0.054244
101 0.292537 0.059915
132 0.280478 0.079984
133 0.281591 0.087673
135 0.293035 0.092035
219 0.294908 0.097256
221 0.288530 0.115284
223 0.272064 0.117394
265 0.280779 0.136065
266 0.282637 0.136424
267 0.285678 0.131475
220 0.305824 0.128504
374 0.287425 0.174930
378 0.289554 0.180000
416 0.293862 0.196528
375 0.275140 0.190337
373 0.269025 0.183859
376 0.264430 0.184347
377 0.261594 0.172041
263 0.243667 0.151793
264 0.232605 0.154848
382 0.224230 0.161896
381 0.214937 0.165049
262 0.201117 0.157403
261 0.190690 0.143762
260 0.182475 0.151715
384 0.167611 0.164904
388 0.178096 0.173429
387 0.185503 0.182067
386 0.187898 0.179295
380 0.196536 0.181005
383 0.203452 0.182942
411 0.182917 0.211393
408 0.169950 0.205001
410 0.164573 0.196789
385 0.163847 0.186318
390 0.157428 0.192132
406 0.140325 0.206451
405 0.135774 0.205936
404 0.126653 0.216952
521 0.139405 0.226628
519 0.131028 0.234042
517 0.136713 0.239183
518 0.142911 0.248443
520 0.159850 0.246184
516 0.161201 0.254250
538 0.179453 0.265658
537 0.179520 0.261985
515 0.180140 0.244457
513 0.186373 0.238076
512 0.194673 0.231063
412 0.212086 0.225357
511 0.217548 0.232818
510 0.209659 0.242742
514 0.190993 0.249095
540 0.217664 0.263502
541 0.219419 0.270219
542 0.232573 0.284177
634 0.243983 0.296286
633 0.256613 0.292391
508 0.237585 0.246117
509 0.246453 0.227938
414 0.248145 0.212667
413 0.246258 0.205453
379 0.245323 0.191836
415 0.257399 0.199078
409 0.163322 0.220395
407 0.156960 0.220462
403 0.112161 0.213695
524 0.074927 0.225850
398 0.064224 0.217524
399 0.057629 0.207177
396 0.040755 0.176588
395 0.035766 0.161636
246 0.006731 0.146508
245 0.004845 0.133942
242 0.004908 0.128531
247 0.001369 0.129163
241 0.000611 0.113681
117 0.003266 0.094144
118 0.002471 0.079895
397 0.009038 0.183351
528 0.030680 0.240282
527 0.029648 0.244606
526 0.043815 0.242986
255 0.103804 0.158403
391 0.128664 0.165524
389 0.134878 0.173000
257 0.137709 0.153810
258 0.133011 0.132737
256 0.114875 0.133486
234 0.131758 0.112385
232 0.131055 0.102491
125 0.139589 0.089148
124 0.141612 0.079360
235 0.150062 0.103278
233 0.146686 0.117472
231 0.147107 0.124987
259 0.150549 0.131166
230 0.172189 0.120215
227 0.200327 0.120386
105 0.204150 0.035848
10 0.204090 0.025293
12 0.247984 0.029632
13 0.248589 0.022941
14 0.258982 0.000356
11 0.257449 0.004735
15 0.284517 0.026404
102 0.313178 0.033878
18 0.327396 0.015488
20 0.395840 0.009720
149 0.501369 0.069438
83 0.540673 0.053271
82 0.548355 0.050725
152 0.552698 0.069476
81 0.563751 0.062947
79 0.582587 0.062977
154 0.580809 0.070900
153 0.577450 0.075908
155 0.605745 0.074981
78 0.617236 0.059766
80 0.608651 0.052904
76 0.614207 0.040128
77 0.634613 0.044310
75 0.653521 0.057504
157 0.674112 0.067852
74 0.689546 0.058690
73 0.695907 0.061392
71 0.709201 0.042244
35 0.700602 0.028626
72 0.680274 0.033876
36 0.688943 0.005450
40 0.725383 0.019836
39 0.734126 0.026379
38 0.733651 0.028437
41 0.742233 0.012611
37 0.734315 0.000417
69 0.723726 0.053541
68 0.719472 0.059004
70 0.730082 0.062015
164 0.721571 0.071775
163 0.714669 0.078770
161 0.733359 0.080216
162 0.741751 0.070279
166 0.754990 0.064622
170 0.776865 0.076993
165 0.772569 0.084869
192 0.769684 0.104016
193 0.750324 0.097449
195 0.740116 0.109420
194 0.738307 0.125301
297 0.716685 0.145882
298 0.737018 0.154276
340 0.728126 0.163544
336 0.778203 0.162615
333 0.784363 0.162190
335 0.788311 0.177551
334 0.792767 0.183240
331 0.812105 0.191465
332 0.822354 0.181618
330 0.834283 0.175954
328 0.852904 0.187763
329 0.856279 0.190207
454 0.845407 0.203243
453 0.826773 0.205945
474 0.841767 0.226509
473 0.847977 0.233931
475 0.854639 0.238049
455 0.858963 0.215506
459 0.882961 0.210610
457 0.887416 0.215547
456 0.900307 0.217364
458 0.899780 0.202784
323 0.904147 0.186794
320 0.908632 0.180979
326 0.896503 0.178528
327 0.892277 0.165727
325 0.889989 0.163844
307 0.888478 0.157480
308 0.886054 0.139300
309 0.876833 0.140973
303 0.867787 0.149937
304 0.849685 0.155205
305 0.845424 0.140897
300 0.835456 0.134673
301 0.832872 0.132514
302 0.823038 0.132920
188 0.818450 0.117733
191 0.795435 0.120052
190 0.781044 0.123356
299 0.781790 0.135234
168 0.799248 0.088544
167 0.800086 0.080583
169 0.790057 0.079930
171 0.808516 0.068127
66 0.815934 0.060853
172 0.831719 0.069223
173 0.829113 0.074795
189 0.826459 0.100888
186 0.861562 0.099491
187 0.863166 0.098370
184 0.875259 0.109035
185 0.883073 0.107804
183 0.886432 0.097063
174 0.891264 0.085648
58 0.915397 0.064408
59 0.928266 0.048158
55 0.940373 0.045129
56 0.942877 0.045935
52 0.949077 0.031343
54 0.949866 0.019383
53 0.958177 0.006508
57 0.956502 0.056303
178 0.979046 0.064683
177 0.969514 0.079842
176 0.994951 0.086658
179 0.975943 0.121468
315 0.978744 0.154054
316 0.976514 0.170392
465 0.946077 0.195310
463 0.949472 0.205873
464 0.951066 0.218427
467 0.985244 0.236640
466 0.985778 0.242301
582 0.993422 0.259383
584 0.985434 0.276040
585 0.984415 0.282928
583 0.990885 0.283980
586 0.984258 0.294987
581 0.946919 0.268032
461 0.923350 0.219028
462 0.915402 0.223444
469 0.907284 0.229309
471 0.900591 0.231909
460 0.931219 0.203790
321 0.930878 0.178867
319 0.948220 0.180033
318 0.945369 0.164752
317 0.943651 0.163920
313 0.944789 0.145381
314 0.935920 0.140368
180 0.945152 0.123395
182 0.915674 0.108531
181 0.919562 0.114766
312 0.908979 0.131279
310 0.901959 0.137602
306 0.901326 0.138634
311 0.914379 0.158023
322 0.919798 0.169452
324 0.877779 0.189589
175 0.947365 0.094375
50 0.918105 0.030369
60 0.905508 0.037502
51 0.912092 0.008454
49 0.882987 0.013690
48 0.866277 0.001892
46 0.866419 0.017359
65 0.866557 0.050764
62 0.839451 0.050075
64 0.845774 0.044765
61 0.847168 0.034600
63 0.847704 0.032684
47 0.844003 0.017228
44 0.831109 0.020121
45 0.827318 0.007289
43 0.789535 0.014290
42 0.795919 0.023711
67 0.804315 0.049303
160 0.697059 0.087135
34 0.652862 0.022816
33 0.644985 0.000054
32 0.569645 0.004944
31 0.563835 0.007278
28 0.548369 0.007295
29 0.539226 0.007835
30 0.546380 0.020954
270 0.437687 0.132729
359 0.421295 0.189382
358 0.432173 0.192688
427 0.445106 0.201142
425 0.443728 0.202427
424 0.432663 0.211761
426 0.420361 0.213402
422 0.417633 0.224587
499 0.444100 0.237454
428 0.455204 0.222843
552 0.455710 0.275666
619 0.433170 0.293259
620 0.433513 0.295981
622 0.412429 0.302764
551 0.421022 0.272080
618 0.469359 0.306148
553 0.487566 0.277743
556 0.526265 0.289586
616 0.534642 0.294775
617 0.536780 0.298087
554 0.538893 0.289369
615 0.548149 0.299551
614 0.538844 0.317163
613 0.573308 0.314760
612 0.592123 0.314353
608 0.613926 0.312490
685 0.626795 0.330362
732 0.625817 0.357788
733 0.644586 0.374258
822 0.628734 0.387932
821 0.635474 0.391887
823 0.626904 0.399753
892 0.645302 0.422951
897 0.642900 0.435561
895 0.631315 0.437171
896 0.625260 0.433319
899 0.607631 0.444136
900 0.602212 0.451505
898 0.590525 0.451484
973 0.565951 0.468030
972 0.563694 0.466689
1021 0.549763 0.485812
971 0.544771 0.455679
902 0.530294 0.447994
903 0.534963 0.435312
818 0.527694 0.416568
816 0.543599 0.410543
817 0.531221 0.398232
815 0.526317 0.390282
737 0.531839 0.381321
738 0.540540 0.377257
735 0.559284 0.371343
736 0.539679 0.356395
739 0.538153 0.355651
683 0.512677 0.335412
741 0.514793 0.366456
740 0.503569 0.374572
682 0.471774 0.335426
912 0.444687 0.422997
910 0.454965 0.443816
908 0.459138 0.433244
909 0.465180 0.435267
911 0.463095 0.441304
965 0.425284 0.471677
964 0.419837 0.470778
961 0.416042 0.463427
962 0.403363 0.451982
913 0.406005 0.439290
914 0.410300 0.421484
809 0.376426 0.416595
807 0.371934 0.414592
812 0.372951 0.407373
810 0.378272 0.404111
811 0.360500 0.399008
808 0.359655 0.400697
813 0.355172 0.412713
804 0.344848 0.414488
806 0.330967 0.413742
800 0.317383 0.412647
802 0.307300 0.405641
803 0.300406 0.401781
801 0.294318 0.403291
799 0.278524 0.412524
797 0.268728 0.398268
798 0.260944 0.403492
921 0.259683 0.429948
924 0.253788 0.442654
951 0.253707 0.458557
954 0.262652 0.474122
952 0.269148 0.481712
1042 0.273484 0.484043
953 0.275865 0.479351
1043 0.280274 0.488583
1041 0.300311 0.496101
1039 0.293994 0.489164
957 0.295432 0.483377
956 0.302647 0.471173
958 0.314106 0.474570
959 0.331108 0.478847
960 0.354992 0.475067
1037 0.380500 0.500585
1035 0.387320 0.490085
1036 0.394059 0.495453
1034 0.398584 0.492868
963 0.394030 0.466626
1033 0.434688 0.496786
1032 0.443530 0.510776
1031 0.447784 0.504827
1105 0.454003 0.537365
1104 0.458613 0.541842
1157 0.456344 0.559290
1158 0.446010 0.562417
1204 0.462799 0.581640
1156 0.477130 0.577642
1205 0.495659 0.590764
1206 0.492249 0.602161
1207 0.486508 0.607535
1265 0.491606 0.618334
1264 0.498826 0.617634
1266 0.489874 0.631551
1268 0.481515 0.625263
1269 0.464698 0.630275
1267 0.464139 0.632917
1329 0.467601 0.651280
1332 0.488528 0.645182
1333 0.494998 0.666259
1330 0.489684 0.672133
1334 0.503887 0.675606
1378 0.517544 0.679406
1337 0.541548 0.667933
1338 0.548869 0.665895
1335 0.546857 0.658379
1260 0.559714 0.642722
1261 0.556311 0.639209
1262 0.559493 0.628551
1263 0.530823 0.636476
1336 0.528094 0.651813
1331 0.506372 0.656491
1377 0.551058 0.690639
1452 0.554600 0.711846
1451 0.566645 0.729209
1515 0.553697 0.757487
1516 0.524096 0.759270
1517 0.520845 0.752578
1447 0.514027 0.728462
1449 0.524281 0.728879
1450 0.521798 0.716722
1448 0.505252 0.718328
1445 0.504564 0.715788
1446 0.491188 0.723708
1443 0.465738 0.738606
1444 0.463536 0.725508
1442 0.437035 0.710158
1439 0.418664 0.715838
1441 0.404067 0.711232
1440 0.403471 0.727638
1523 0.402838 0.747897
1521 0.423857 0.747045
1522 0.439318 0.766820
1520 0.463073 0.765286
1518 0.485635 0.757317
1572 0.485591 0.780741
1574 0.510724 0.778902
1519 0.511261 0.768591
1573 0.508010 0.804956
1575 0.521763 0.804462
1634 0.523741 0.807438
1635 0.493387 0.811802
1637 0.481109 0.823762
1636 0.484639 0.830678
1702 0.479423 0.839512
1701 0.470594 0.850811
1699 0.454514 0.852444
1700 0.452702 0.857382
1698 0.422140 0.861035
1771 0.412284 0.882701
1768 0.430227 0.888744
1769 0.444446 0.889267
1766 0.456907 0.894198
1765 0.459706 0.887356
1767 0.464426 0.898504
1834 0.459016 0.906771
1833 0.438570 0.907029
1832 0.433377 0.921056
1831 0.443158 0.931077
1903 0.435513 0.943133
1904 0.427682 0.964178
1902 0.425497 0.965990
1965 0.422501 0.976177
1962 0.415475 0.989808
1964 0.415239 0.988688
1961 0.406240 0.984984
1960 0.405605 0.975578
1963 0.389165 0.980119
1959 0.384183 0.997060
1958 0.357230 0.997727
1953 0.353614 0.999163
1956 0.344343 0.984342
1955 0.347407 0.974773
1954 0.353948 0.982783
1957 0.365873 0.974326
1906 0.383305 0.947212
1905 0.412193 0.940803
1830 0.409779 0.926204
1770 0.396298 0.901081
1829 0.392156 0.909372
1828 0.358935 0.919858
1826 0.353439 0.934799
1827 0.340437 0.924424
1825 0.308021 0.934986
1907 0.293672 0.940844
1908 0.289119 0.945870
1910 0.285689 0.941763
1824 0.285092 0.925318
1822 0.272100 0.932696
1823 0.265834 0.910273
1821 0.252516 0.930412
1820 0.245903 0.926312
1911 0.249253 0.944541
1909 0.258215 0.959814
1947 0.258308 0.972873
1950 0.259871 0.995016
1946 0.233361 0.990947
1945 0.204474 0.968416
1942 0.186574 0.977337
1943 0.170428 0.988151
1944 0.165290 0.999274
1940 0.150461 0.980382
1941 0.158857 0.968733
1913 0.164400 0.965719
1915 0.164662 0.959137
1921 0.160881 0.957616
1917 0.168444 0.949694
1914 0.170792 0.943412
1916 0.167193 0.939149
1922 0.160511 0.942788
1812 0.158920 0.928715
1815 0.166765 0.931443
1814 0.172647 0.928421
1912 0.202333 0.938490
1816 0.218670 0.934078
1817 0.224298 0.925010
1818 0.213757 0.915186
1819 0.202941 0.907399
1782 0.212029 0.900694
1781 0.214615 0.900081
1779 0.226910 0.897223
1780 0.223779 0.874430
1682 0.222778 0.866818
1684 0.248171 0.867610
1689 0.263909 0.869847
1687 0.274069 0.860001
1686 0.270645 0.845106
1651 0.253754 0.822215
1650 0.266052 0.809873
1561 0.272417 0.796272
1560 0.270386 0.780514
1559 0.242946 0.778917
1558 0.243728 0.779415
1532 0.242045 0.772298
1555 0.221364 0.778882
1556 0.216664 0.802441
1557 0.203551 0.794074
1654 0.210414 0.815261
1652 0.202916 0.819066
1653 0.204141 0.830405
1681 0.203042 0.839654
1683 0.199873 0.843875
1655 0.168800 0.838393
1656 0.167206 0.819680
1657 0.151687 0.814345
1660 0.125241 0.814780
1659 0.127534 0.828068
1680 0.137304 0.840341
1678 0.128155 0.864980
1787 0.135032 0.878798
1786 0.129950 0.888139
1792 0.114851 0.885932
1791 0.114517 0.889392
1789 0.114732 0.896126
1809 0.120268 0.916934
1808 0.119091 0.919951
1811 0.135012 0.910396
1810 0.138308 0.922367
1813 0.140688 0.924470
1918 0.133359 0.940708
1920 0.133011 0.947046
1919 0.136169 0.964355
1924 0.094740 0.952572
1925 0.095273 0.939836
1923 0.085302 0.943239
1926 0.085275 0.947553
1937 0.067287 0.970554
1935 0.060322 0.982804
1936 0.051079 0.995611
1934 0.010582 0.989601
1933 0.002122 0.998889
1930 0.018650 0.956983
1932 0.022795 0.954578
1929 0.016598 0.941162
1931 0.026763 0.935846
1806 0.033798 0.934608
1805 0.034116 0.926248
1804 0.026324 0.920249
1803 0.026428 0.903484
1795 0.031187 0.887485
1801 0.030003 0.888376
1796 0.021519 0.887055
1800 0.002964 0.891300
1799 0.002521 0.892910
1797 0.007326 0.898435
1802 0.000628 0.906562
1798 0.002375 0.877534
1670 0.007333 0.868721
1671 0.003559 0.857925
1668 0.001207 0.842095
1666 0.008484 0.820813
1665 0.015234 0.821847
1667 0.023101 0.819570
1664 0.037727 0.810448
1547 0.059752 0.803015
1662 0.071128 0.813717
1663 0.071930 0.837435
1675 0.070323 0.844354
1676 0.070295 0.863922
1794 0.046176 0.879184
1793 0.048804 0.902135
1807 0.041928 0.923525
1928 0.049226 0.952387
1927 0.045329 0.954703
1938 0.095723 0.996340
1939 0.100787 0.998441
1788 0.117632 0.876560
1790 0.096971 0.874617
1679 0.103630 0.863878
1658 0.100034 0.837371
1677 0.090251 0.840500
1661 0.083153 0.836704
1673 0.048726 0.842013
1672 0.032021 0.846792
1669 0.027585 0.847612
1674 0.036762 0.855774
1546 0.015089 0.791928
1542 0.011923 0.773903
1544 0.015473 0.754183
1543 0.024875 0.747289
1411 0.018585 0.741050
1413 0.033352 0.731920
1412 0.049332 0.732560
1540 0.048680 0.747743
1541 0.045739 0.755726
1539 0.060317 0.760767
1548 0.049959 0.779587
1545 0.031967 0.771802
1538 0.079085 0.749224
1414 0.071516 0.737394
1417 0.072495 0.724434
1416 0.079122 0.726760
1415 0.076953 0.716607
1402 0.086651 0.697186
1403 0.093280 0.681744
1302 0.078110 0.668421
1303 0.066813 0.654824
1300 0.062419 0.647247
1299 0.044829 0.672064
1301 0.042580 0.670614
1298 0.037669 0.667559
1295 0.020256 0.660846
1297 0.010162 0.671942
1296 0.007905 0.673042
1408 0.007701 0.680290
1410 0.002026 0.691523
1409 0.027507 0.683383
1407 0.040063 0.700694
1404 0.063091 0.695623
1406 0.060626 0.684869
1405 0.049131 0.682281
1293 0.089899 0.637085
1292 0.095017 0.638413
1290 0.099866 0.618893
1189 0.097409 0.592317
1190 0.117732 0.584181
1188 0.123186 0.590231
1193 0.132351 0.600047
1192 0.133163 0.603106
1289 0.136037 0.633693
1291 0.119243 0.644235
1308 0.130162 0.652346
1305 0.124721 0.653962
1304 0.123372 0.661291
1307 0.131231 0.676159
1306 0.154999 0.667926
1399 0.174965 0.687410
1401 0.167075 0.704051
1422 0.170880 0.717040
1419 0.175503 0.715477
1421 0.181405 0.715216
1423 0.187927 0.714334
1400 0.187549 0.706113
1398 0.193025 0.699890
1393 0.203114 0.689211
1397 0.206831 0.693317
1396 0.211202 0.704115
1394 0.206176 0.706548
1395 0.221250 0.706001
1427 0.229573 0.713392
1424 0.211612 0.725879
1425 0.214369 0.737697
1533 0.208232 0.749855
1534 0.203628 0.755681
1531 0.238347 0.744400
1426 0.247320 0.740575
1428 0.263174 0.713919
1388 0.266014 0.700872
1392 0.252645 0.682652
1391 0.244524 0.682725
1313 0.272000 0.661098
1312 0.272045 0.676144
1390 0.277319 0.685366
1389 0.286574 0.679084
1315 0.294665 0.671403
1387 0.301647 0.684769
1316 0.315120 0.672526
1317 0.337069 0.675552
1318 0.338069 0.673276
1319 0.331894 0.655405
1278 0.325674 0.632997
1280 0.301197 0.617151
1281 0.286511 0.622554
1279 0.295435 0.637182
1314 0.294718 0.649980
1283 0.257524 0.624326
1282 0.255473 0.616698
1285 0.229196 0.622823
1286 0.201140 0.620535
1194 0.188550 0.608503
1288 0.178754 0.625523
1287 0.179039 0.635814
1309 0.195943 0.648242
1310 0.227482 0.647007
1311 0.249539 0.651527
1284 0.249516 0.643014
1195 0.216344 0.591821
1172 0.209707 0.569471
1175 0.192613 0.551587
1174 0.178928 0.569183
1173 0.164208 0.561026
1176 0.142368 0.566646
1177 0.146596 0.576610
1178 0.154282 0.579868
1191 0.157366 0.610870
1079 0.140861 0.545079
1080 0.129038 0.548068
1076 0.126430 0.531320
1074 0.120845 0.526223
1075 0.116132 0.533946
1077 0.103877 0.546624
1179 0.101141 0.550487
1071 0.090946 0.548243
1073 0.086444 0.545918
1072 0.088077 0.526710
1060 0.080007 0.510354
1058 0.092820 0.506375
1056 0.098747 0.491585
1057 0.115106 0.485445
945 0.116289 0.478733
944 0.129031 0.454364
930 0.125574 0.440986
929 0.132839 0.427501
789 0.124973 0.413650
786 0.121315 0.387316
788 0.109443 0.400180
787 0.104200 0.408747
790 0.106569 0.418106
932 0.096697 0.425813
785 0.095907 0.415995
784 0.076412 0.413272
931 0.064598 0.425506
933 0.054780 0.440477
941 0.046485 0.458193
942 0.046586 0.461359
938 0.053181 0.462416
939 0.062549 0.467238
1059 0.075967 0.484617
943 0.079939 0.457626
940 0.041515 0.473181
1063 0.050640 0.489352
1061 0.044664 0.503791
1062 0.037931 0.512923
1070 0.050288 0.529189
1180 0.065800 0.557256
1181 0.061509 0.567166
1187 0.072741 0.582124
1186 0.061736 0.612878
1294 0.028319 0.614183
1184 0.009940 0.598224
1185 0.014373 0.590217
1183 0.018362 0.570909
1182 0.015416 0.564627
1069 0.021132 0.542254
1068 0.003892 0.536359
1064 0.013321 0.502810
1065 0.004713 0.500389
1067 0.001622 0.490594
936 0.003468 0.483204
935 0.003526 0.469487
937 0.025201 0.460856
1066 0.021835 0.487337
934 0.009257 0.426529
780 0.011995 0.412168
782 0.043121 0.419298
783 0.052997 0.416972
781 0.053976 0.411948
946 0.147560 0.482136
1055 0.156920 0.504030
1054 0.150095 0.508879
1053 0.133801 0.513353
1078 0.154354 0.537886
1082 0.161622 0.526255
1081 0.182815 0.519611
1050 0.188439 0.505655
1052 0.193114 0.504627
1048 0.201090 0.495542
1049 0.197926 0.489159
1051 0.186574 0.491064
949 0.184548 0.474094
947 0.192827 0.469366
950 0.191778 0.461050
948 0.170815 0.456748
928 0.180208 0.440548
926 0.171208 0.435882
927 0.169706 0.436164
791 0.183937 0.405403
792 0.181859 0.399248
769 0.186760 0.382453
768 0.204730 0.370631
766 0.213249 0.372943
763 0.217568 0.373778
764 0.217595 0.379209
765 0.221272 0.383216
796 0.217123 0.396488
794 0.204489 0.405270
793 0.210082 0.413089
795 0.202021 0.417082
925 0.222367 0.429433
920 0.266449 0.442573
923 0.277703 0.441529
922 0.283551 0.431544
917 0.300436 0.433445
919 0.305693 0.425909
918 0.315609 0.442798
915 0.327969 0.447695
916 0.348043 0.436067
955 0.294459 0.465308
1044 0.244469 0.488976
1045 0.222395 0.487997
1047 0.212664 0.487188
1046 0.214333 0.508556
1084 0.204781 0.525786
1085 0.216650 0.528679
1083 0.218203 0.544568
1171 0.232834 0.551158
1170 0.252868 0.563144
1167 0.260103 0.571665
1166 0.265004 0.577147
1168 0.269383 0.579498
1196 0.278641 0.586138
1169 0.283210 0.571517
1165 0.302948 0.571098
1197 0.317907 0.586077
1198 0.309386 0.591324
1164 0.327227 0.560579
1161 0.323812 0.559227
1163 0.336586 0.548644
1095 0.326233 0.536623
1096 0.327432 0.526033
1094 0.327575 0.521758
1040 0.319152 0.515230
1038 0.333384 0.510258
1097 0.357638 0.545439
1162 0.344428 0.566228
1159 0.374397 0.571763
1160 0.379119 0.558126
1098 0.391875 0.543840
1101 0.390864 0.533674
1102 0.401332 0.528259
1100 0.406866 0.525583
1099 0.419122 0.544316
1103 0.433355 0.541079
1201 0.405838 0.582018
1200 0.407101 0.589134
1202 0.437650 0.601988
1203 0.442208 0.602990
1273 0.431260 0.625382
1271 0.420813 0.623365
1274 0.413417 0.621572
1326 0.410990 0.645476
1327 0.409586 0.660174
1328 0.444112 0.658275
1270 0.443950 0.636066
1272 0.429295 0.638015
1379 0.420769 0.685690
1380 0.445032 0.686072
1381 0.392937 0.686718
1382 0.392851 0.678503
1322 0.386223 0.676389
1325 0.364277 0.667117
1321 0.355975 0.663202
1324 0.356462 0.659139
1323 0.358958 0.647977
1320 0.376216 0.654416
1276 0.376701 0.630127
1277 0.375018 0.625855
1275 0.360833 0.617064
1199 0.360918 0.603008
1093 0.305410 0.543959
1089 0.289491 0.545990
1091 0.271079 0.542779
1090 0.266717 0.534159
1087 0.251584 0.540158
1086 0.256518 0.526760
1088 0.250683 0.519479
1092 0.274037 0.518410
1384 0.334072 0.704521
1385 0.337759 0.707481
1434 0.339460 0.718817
1433 0.334227 0.723082
1429 0.322255 0.716211
1432 0.307320 0.721494
1431 0.301054 0.725393
1430 0.290466 0.732150
1529 0.291369 0.744497
1530 0.289839 0.752653
1528 0.337892 0.753868
1527 0.339398 0.769834
1526 0.353173 0.773641
1564 0.374231 0.782328
1565 0.398517 0.781469
1567 0.405112 0.777248
1570 0.419778 0.788128
1566 0.418645 0.793276
1569 0.420947 0.797711
1568 0.432750 0.790975
1571 0.454345 0.797146
1638 0.468504 0.818517
1640 0.416615 0.829615
1641 0.417759 0.835036
1642 0.408804 0.835597
1639 0.388474 0.832206
1645 0.343607 0.837594
1691 0.321389 0.842216
1694 0.328583 0.852042
1695 0.328445 0.863977
1775 0.340113 0.874139
1696 0.344419 0.870580
1697 0.361567 0.860781
1772 0.366656 0.886207
1773 0.358714 0.888269
1774 0.349509 0.891777
1777 0.314309 0.897646
1776 0.305815 0.878343
1778 0.285044 0.874353
1685 0.284294 0.870532
1688 0.288663 0.859954
1693 0.309189 0.859755
1690 0.311121 0.859665
1692 0.301641 0.847818
1649 0.295616 0.833103
1647 0.307649 0.834160
1648 0.314811 0.825704
1643 0.326005 0.819810
1646 0.329347 0.813268
1644 0.325115 0.808006
1562 0.304475 0.802299
1563 0.342845 0.791770
1524 0.360574 0.748980
1525 0.368873 0.747212
1437 0.366936 0.738384
1436 0.375644 0.737292
1435 0.363519 0.729217
1438 0.358752 0.724708
1383 0.358221 0.705523
1386 0.348772 0.702371
1420 0.190375 0.721005
1535 0.164280 0.758935
1536 0.157376 0.754512
1418 0.138427 0.723106
1537 0.107734 0.756499
1552 0.107499 0.777442
1549 0.091247 0.776677
1553 0.098376 0.782715
1551 0.102794 0.789941
1550 0.105893 0.788153
1554 0.175802 0.805976
1784 0.174951 0.877831
1785 0.174661 0.888134
1783 0.190325 0.897991
1948 0.284214 0.986843
1949 0.289771 0.996665
1951 0.288575 0.999032
1952 0.312266 0.981956
1967 0.438789 0.983936
1966 0.447877 0.984102
1968 0.466358 0.999250
1969 0.468592 0.998974
1899 0.465409 0.958004
1900 0.456721 0.946433
1901 0.473930 0.947452
1835 0.471540 0.927087
1836 0.484465 0.919619
1762 0.535992 0.896860
1761 0.552241 0.894151
1842 0.545799 0.909971
1840 0.546928 0.916785
1843 0.565780 0.933423
1760 0.587659 0.897954
1845 0.591026 0.909974
1846 0.611555 0.916905
1844 0.610224 0.906007
1753 0.625766 0.893608
1754 0.618495 0.892600
1759 0.612676 0.880372
1758 0.621260 0.872197
1755 0.623860 0.872802
1756 0.624137 0.871195
1757 0.626787 0.871490
1710 0.629068 0.856116
1709 0.641599 0.860517
1711 0.651385 0.861625
1712 0.657275 0.846625
1713 0.645919 0.841370
1706 0.577141 0.856385
1707 0.565654 0.849419
1208 0.530502 0.594557
1107 0.528942 0.531507
970 0.518530 0.464219
968 0.512139 0.455468
901 0.565550 0.427488
820 0.585819 0.397823
819 0.570709 0.397922
734 0.597427 0.368155
684 0.593018 0.351516
611 0.601237 0.293047
559 0.593934 0.284271
558 0.593216 0.260605
561 0.598279 0.260813
489 0.595275 0.255825
488 0.593382 0.253304
487 0.585175 0.256994
557 0.582365 0.260310
560 0.581559 0.259779
491 0.571933 0.250520
494 0.547405 0.246286
490 0.548670 0.240639
492 0.537347 0.248687
493 0.532253 0.253934
555 0.534952 0.264589
437 0.553320 0.204958
352 0.535021 0.188670
351 0.521617 0.188152
485 0.627979 0.237735
486 0.629824 0.234975
483 0.646958 0.227025
564 0.648860 0.282647
562 0.628500 0.280157
610 0.632749 0.300830
609 0.642141 0.314901
607 0.656596 0.316088
686 0.663059 0.349660
606 0.705554 0.313177
893 0.645632 0.450365
1012 0.687663 0.491110
1013 0.698146 0.493040
1010 0.729133 0.501116
1011 0.735874 0.502861
1115 0.721220 0.530497
1113 0.709780 0.535103
1134 0.802205 0.557785
1004 0.823906 0.512532
1002 0.827607 0.494201
1003 0.816578 0.484548
984 0.817674 0.481361
983 0.815836 0.479541
1007 0.805959 0.490131
867 0.869296 0.420631
844 0.881045 0.405844
991 0.965772 0.468305
992 0.988928 0.503197
1125 0.988343 0.518100
1126 0.975086 0.519141
