# n=20 m=20 K=19 alpha=1.50 beta=5.00 rho=0.10 two=1 alpha2=1.00 hilos=12 semilla=1
# preparacion (puntos+rejilla+KNN): 0.016 s | L_nn=4.6307
# iter  mejor_iter  mejor_global  media_hormigas  t_iter(s)  t_total(s)
    1      4.5605        4.5605          5.1651      0.010       0.010
    2      4.4226        4.4226          4.9457      0.008       0.018
    3      4.4226        4.4226          4.9032      0.012       0.030
    4      4.3834        4.3834          4.6892      0.012       0.042
    5      4.4226        4.3834          4.6175      0.007       0.049
    6      4.3856        4.3834          4.7001      0.005       0.054
    7      4.3320        4.3320          4.7400      0.005       0.059
    8      4.2596        4.2596          4.6452      0.007       0.073
    9      4.3320        4.2596          4.6313      0.010       0.084
   10      4.2596        4.2596          4.7604      0.012       0.096
   11      4.2596        4.2596          4.5710      0.015       0.111
   12      4.2596        4.2596          4.6494      0.014       0.125
   13      4.2596        4.2596          4.6479      0.014       0.139
   14      4.2596        4.2596          4.5527      0.009       0.148
   15      4.2596        4.2596          4.4951      0.017       0.165
   16      4.2596        4.2596          4.5571      0.018       0.183
   17      4.2596        4.2596          4.4320      0.009       0.192
   18      4.2596        4.2596          4.4730      0.011       0.204
   19      4.2596        4.2596          4.5705      0.007       0.211
   20      4.2596        4.2596          4.5477      0.009       0.220
   21      4.2596        4.2596          4.6283      0.012       0.232
   22      4.2596        4.2596          4.6552      0.009       0.241
   23      4.2596        4.2596          4.5509      0.013       0.254
   24      4.2596        4.2596          4.4891      0.005       0.259
   25      4.2596        4.2596          4.5139      0.006       0.265
   26      4.2596        4.2596          4.5092      0.007       0.271
   27      4.2596        4.2596          4.5399      0.004       0.276
   28      4.2596        4.2596          4.4434      0.007       0.283
   29      4.2596        4.2596          4.4820      0.009       0.292
   30      4.2596        4.2596          4.5123      0.013       0.305
   31      4.2596        4.2596          4.4422      0.005       0.310
   32      4.2596        4.2596          4.4005      0.006       0.316
   33      4.2596        4.2596          4.4052      0.005       0.321
   34      4.2596        4.2596          4.3941      0.008       0.329
   35      4.2596        4.2596          4.3160      0.008       0.338
   36      4.2596        4.2596          4.3830      0.007       0.345
   37      4.2596        4.2596          4.2797      0.014       0.359
   38      4.2596        4.2596          4.3389      0.002       0.362
   39      4.2596        4.2596          4.2859      0.005       0.367
   40      4.2596        4.2596          4.3079      0.011       0.378
   41      4.2596        4.2596          4.3187      0.013       0.391
   42      4.2596        4.2596          4.2872      0.012       0.404
   43      4.2596        4.2596          4.2779      0.006       0.409
   44      4.2596        4.2596          4.2893      0.011       0.420
   45      4.2596        4.2596          4.2779      0.012       0.432
   46      4.2596        4.2596          4.2596      0.012       0.444
   47      4.2596        4.2596          4.2596      0.010       0.454
   48      4.2596        4.2596          4.2596      0.013       0.467
   49      4.2596        4.2596          4.2596      0.012       0.479
   50      4.2596        4.2596          4.2596      0.010       0.490
   51      4.2596        4.2596          4.2596      0.010       0.500
   52      4.2596        4.2596          4.2596      0.010       0.510
   53      4.2596        4.2596          4.2596      0.010       0.520
   54      4.2596        4.2596          4.2596      0.007       0.527
   55      4.2596        4.2596          4.2596      0.007       0.533
   56      4.2596        4.2596          4.2596      0.007       0.541
   57      4.2596        4.2596          4.2596      0.012       0.553
   58      4.2596        4.2596          4.2596      0.012       0.565
   59      4.2596        4.2596          4.2596      0.008       0.573
   60      4.2596        4.2596          4.2596      0.012       0.585
   61      4.2596        4.2596          4.2596      0.013       0.597
   62      4.2596        4.2596          4.2596      0.010       0.608
   63      4.2596        4.2596          4.2596      0.007       0.614
   64      4.2596        4.2596          4.2596      0.012       0.626
   65      4.2596        4.2596          4.2596      0.007       0.634
   66      4.2596        4.2596          4.2596      0.005       0.639
   67      4.2596        4.2596          4.2596      0.006       0.645
   68      4.2596        4.2596          4.2596      0.009       0.654
   69      4.2596        4.2596          4.2596      0.009       0.663
   70      4.2596        4.2596          4.2596      0.007       0.670
   71      4.2596        4.2596          4.2596      0.010       0.680
   72      4.2596        4.2596          4.2596      0.010       0.690
   73      4.2596        4.2596          4.2596      0.006       0.696
   74      4.2596        4.2596          4.2596      0.008       0.704
   75      4.2596        4.2596          4.2596      0.006       0.710
   76      4.2596        4.2596          4.2596      0.011       0.721
   77      4.2596        4.2596          4.2596      0.008       0.730
   78      4.2596        4.2596          4.2596      0.003       0.733
   79      4.2596        4.2596          4.2596      0.004       0.738
   80      4.2596        4.2596          4.2596      0.002       0.740
   81      4.2596        4.2596          4.2596      0.008       0.747
   82      4.2596        4.2596          4.2596      0.011       0.758
   83      4.2596        4.2596          4.2596      0.012       0.770
   84      4.2596        4.2596          4.2596      0.018       0.788
   85      4.2596        4.2596          4.2596      0.007       0.795
   86      4.2596        4.2596          4.2596      0.008       0.803
   87      4.2596        4.2596          4.2596      0.009       0.812
   88      4.2596        4.2596          4.2596      0.013       0.824
   89      4.2596        4.2596          4.2596      0.016       0.841
   90      4.2596        4.2596          4.2596      0.012       0.853
   91      4.2596        4.2596          4.2596      0.010       0.863
   92      4.2596        4.2596          4.2596      0.013       0.876
   93      4.2596        4.2596          4.2596      0.010       0.886
   94      4.2596        4.2596          4.2596      0.046       0.933
   95      4.2596        4.2596          4.2596      0.059       0.992
   96      4.2596        4.2596          4.2596      0.058       1.050
   97      4.2596        4.2596          4.2596      0.040       1.090
   98      4.2596        4.2596          4.2596      0.015       1.106
   99      4.2596        4.2596          4.2596      0.011       1.118
  100      4.2596        4.2596          4.2596      0.011       1.130
# ---- resumen ----
n=20 m=20 iters=100 tour_valido=SI L_mejor=4.25962 (verificado 4.25962) L_nn=4.63068 mejora_vs_nn=8.01%
optimo_exacto(Held-Karp)=4.10594  gap=3.743%
tiempo: preparacion=0.016 s  ACO=1.130 s  total=1.147 s  (0.0113 s/iter)
memoria: pico RSS=5.0 MB (tras KNN 4.9 MB) | matrices densas D+T serian 0.000 GB
CSV,20,20,19,1,100,4.259622,4.630675,0.016,1.130,5.0
