# n=2000 m=2000 K=8 alpha=1.50 beta=5.00 rho=0.10 two=1 alpha2=1.00 hilos=12 semilla=1
# preparacion (puntos+rejilla+KNN): 0.016 s | L_nn=41.6941
# iter  mejor_iter  mejor_global  media_hormigas  t_iter(s)  t_total(s)
    1     41.9712       41.9712         43.8012      0.085       0.085
    2     40.0010       40.0010         41.8805      0.083       0.168
    3     39.6108       39.6108         41.2335      0.095       0.264
    4     38.9447       38.9447         40.8554      0.084       0.348
    5     38.7678       38.7678         40.6406      0.094       0.442
    6     38.7649       38.7649         40.4871      0.085       0.528
    7     38.3567       38.3567         40.3411      0.083       0.611
    8     38.4127       38.3567         40.2075      0.090       0.708
    9     38.5430       38.3567         40.1110      0.088       0.796
   10     38.3917       38.3567         40.0616      0.090       0.885
   11     38.3876       38.3567         39.9981      0.095       0.981
   12     38.3753       38.3567         39.9531      0.084       1.065
   13     38.0908       38.0908         39.9232      0.087       1.152
   14     38.2769       38.0908         39.8600      0.087       1.240
   15     38.1264       38.0908         39.8307      0.109       1.349
   16     37.9736       37.9736         39.7390      0.086       1.435
   17     38.1321       37.9736         39.6941      0.092       1.527
   18     38.0044       37.9736         39.5975      0.089       1.616
   19     37.9249       37.9249         39.5659      0.087       1.703
   20     37.7773       37.7773         39.5159      0.087       1.790
   21     37.7141       37.7141         39.5180      0.092       1.882
   22     37.8449       37.7141         39.4460      0.082       1.964
   23     37.6501       37.6501         39.4414      0.090       2.054
   24     38.0039       37.6501         39.4362      0.086       2.141
   25     37.7213       37.6501         39.4013      0.089       2.229
   26     37.8295       37.6501         39.3809      0.094       2.324
   27     37.7361       37.6501         39.3693      0.106       2.429
   28     37.8040       37.6501         39.3837      0.112       2.541
   29     37.8933       37.6501         39.3674      0.096       2.638
   30     37.6381       37.6381         39.3730      0.110       2.748
   31     37.7434       37.6381         39.3628      0.107       2.855
   32     37.5450       37.5450         39.3405      0.100       2.955
   33     37.7038       37.5450         39.3425      0.116       3.071
   34     37.4714       37.4714         39.3514      0.166       3.237
   35     37.5603       37.4714         39.3377      0.181       3.418
   36     37.6154       37.4714         39.3437      0.195       3.613
   37     37.5657       37.4714         39.3278      0.200       3.813
   38     37.5478       37.4714         39.3378      0.195       4.008
   39     37.4705       37.4705         39.3268      0.155       4.164
   40     37.5502       37.4705         39.2988      0.136       4.300
   41     37.5807       37.4705         39.2885      0.135       4.434
   42     37.6079       37.4705         39.2852      0.148       4.583
   43     37.5140       37.4705         39.2769      0.144       4.727
   44     37.4844       37.4705         39.2511      0.153       4.880
   45     37.5032       37.4705         39.2810      0.144       5.024
   46     37.4366       37.4366         39.2235      0.206       5.230
   47     37.4831       37.4366         39.2326      0.200       5.430
   48     37.4914       37.4366         39.2165      0.204       5.634
   49     37.4796       37.4366         39.1638      0.212       5.846
   50     37.4753       37.4366         39.2193      0.204       6.050
# ---- resumen ----
n=2000 m=2000 iters=50 tour_valido=SI L_mejor=37.43657 (verificado 37.43657) L_nn=41.69405 mejora_vs_nn=10.21%
aprox_optimo(BHH)=32.095  L_mejor/aprox=1.166
tiempo: preparacion=0.016 s  ACO=6.050 s  total=6.067 s  (0.1210 s/iter)
memoria: pico RSS=6.1 MB (tras KNN 5.2 MB) | matrices densas D+T serian 0.032 GB
CSV,2000,2000,8,1,50,37.436571,41.694054,0.016,6.050,6.1
