# n=20 particulas=20 iters=100 w=0.70 c1=1.50 c2=1.50 hilos=12 semilla=1
# preparacion: 0.000 s | L_inicial=8.7905
# iter  mejor_global  t_iter(s)  t_total(s)
    1        8.7905      0.090       0.090
    2        8.7905      0.009       0.099
    3        8.4845      0.012       0.112
    4        8.0276      0.007       0.119
    5        8.0064      0.009       0.128
    6        8.0064      0.008       0.136
    7        7.3314      0.008       0.144
    8        7.3314      0.007       0.151
    9        7.3314      0.006       0.157
   10        7.3314      0.007       0.164
   11        7.3314      0.007       0.172
   12        7.2100      0.008       0.180
   13        7.2100      0.007       0.187
   14        6.6296      0.007       0.197
   15        6.6146      0.009       0.207
   16        6.6146      0.011       0.218
   17        6.6146      0.010       0.228
   18        6.5929      0.007       0.235
   19        6.5929      0.010       0.245
   20        6.5929      0.007       0.253
   21        6.5929      0.009       0.262
   22        6.5929      0.007       0.269
   23        6.2811      0.008       0.277
   24        6.2811      0.007       0.284
   25        6.2811      0.010       0.294
   26        6.2811      0.009       0.303
   27        6.2811      0.007       0.310
   28        6.2811      0.009       0.320
   29        6.2811      0.007       0.327
   30        6.2811      0.007       0.334
   31        6.2811      0.011       0.345
   32        6.2811      0.009       0.354
   33        6.2301      0.008       0.363
   34        6.2301      0.007       0.370
   35        6.2301      0.023       0.393
   36        6.2301      0.008       0.401
   37        6.2301      0.009       0.410
   38        6.1772      0.008       0.418
   39        5.7929      0.008       0.426
   40        5.7903      0.007       0.433
   41        5.7903      0.007       0.441
   42        5.7903      0.008       0.449
   43        5.7903      0.007       0.456
   44        5.7903      0.010       0.466
   45        5.7903      0.007       0.473
   46        5.7903      0.007       0.481
   47        5.7903      0.006       0.487
   48        5.7903      0.007       0.495
   49        5.7903      0.008       0.503
   50        5.7903      0.007       0.510
   51        5.7903      0.007       0.517
   52        5.5468      0.008       0.525
   53        5.5468      0.009       0.534
   54        5.3650      0.009       0.543
   55        5.3650      0.007       0.550
   56        5.3650      0.006       0.556
   57        5.3650      0.011       0.568
   58        5.3650      0.013       0.581
   59        5.3650      0.011       0.593
   60        5.3650      0.010       0.602
   61        5.3449      0.010       0.612
   62        5.1695      0.008       0.621
   63        5.1479      0.007       0.628
   64        5.1334      0.010       0.638
   65        5.1334      0.007       0.646
   66        5.1334      0.008       0.653
   67        5.1307      0.008       0.661
   68        5.0852      0.007       0.669
   69        5.0852      0.008       0.676
   70        5.0852      0.008       0.684
   71        5.0852      0.008       0.692
   72        5.0211      0.007       0.700
   73        5.0211      0.009       0.709
   74        5.0211      0.012       0.721
   75        5.0211      0.008       0.728
   76        5.0211      0.006       0.735
   77        4.9993      0.006       0.741
   78        4.9993      0.009       0.749
   79        4.9993      0.007       0.757
   80        4.9993      0.007       0.764
   81        4.9993      0.008       0.773
   82        4.9993      0.009       0.782
   83        4.9993      0.008       0.790
   84        4.9993      0.006       0.796
   85        4.9993      0.007       0.804
   86        4.8767      0.008       0.811
   87        4.8767      0.009       0.821
   88        4.8767      0.008       0.828
   89        4.8040      0.007       0.835
   90        4.8040      0.007       0.842
   91        4.8040      0.008       0.850
   92        4.8040      0.008       0.859
   93        4.8040      0.007       0.866
   94        4.8040      0.009       0.875
   95        4.8040      0.009       0.885
   96        4.8040      0.007       0.892
   97        4.8040      0.009       0.901
   98        4.8040      0.006       0.907
   99        4.8040      0.008       0.915
  100        4.8040      0.008       0.923
# ---- resumen ----
n=20 particulas=20 iters=100 tour_valido=SI L_mejor=4.80401 (verificado 4.80401)
optimo_exacto(Held-Karp)=4.10594  gap=17.002%
tiempo: preparacion=0.000 s  PSO=0.923 s  total=0.923 s  (0.0092 s/iter)
memoria: pico RSS=5.0 MB
CSV,20,20,100,4.804014,0.000,0.923,5.0
