# n=2000 particulas=2000 iters=50 w=0.70 c1=1.50 c2=1.50 hilos=12 semilla=1
# preparacion: 0.000 s | L_inicial=1009.7671
# iter  mejor_global  t_iter(s)  t_total(s)
    1     1009.7671      0.120       0.120
    2     1009.7671      0.049       0.169
    3     1009.5066      0.046       0.215
    4     1008.0822      0.049       0.264
    5     1008.0822      0.051       0.315
    6     1008.0822      0.046       0.362
    7     1007.9909      0.054       0.416
    8     1002.8451      0.053       0.469
    9     1002.8451      0.056       0.524
   10     1002.8451      0.057       0.581
   11     1002.8451      0.060       0.641
   12     1002.8451      0.054       0.695
   13     1002.8451      0.061       0.757
   14     1002.8451      0.056       0.823
   15     1002.8451      0.056       0.879
   16     1002.8451      0.052       0.931
   17     1002.8451      0.051       0.982
   18     1002.8451      0.062       1.044
   19     1002.8451      0.056       1.100
   20     1002.8451      0.059       1.159
   21     1002.8451      0.051       1.210
   22     1002.8451      0.053       1.264
   23     1002.8451      0.054       1.318
   24     1002.8451      0.054       1.372
   25     1002.8451      0.049       1.421
   26     1002.8451      0.053       1.475
   27     1002.8451      0.055       1.530
   28     1002.8451      0.052       1.582
   29     1002.8451      0.063       1.645
   30     1002.8451      0.059       1.704
   31      997.4422      0.058       1.763
   32      997.4422      0.054       1.816
   33      997.4422      0.059       1.875
   34      997.4422      0.051       1.926
   35      997.4422      0.056       1.982
   36      997.4422      0.059       2.041
   37      997.4422      0.062       2.104
   38      997.4422      0.067       2.171
   39      997.4422      0.063       2.234
   40      997.4422      0.055       2.289
   41      997.4422      0.055       2.345
   42      997.4422      0.059       2.404
   43      997.4422      0.059       2.463
   44      997.4422      0.059       2.523
   45      997.4422      0.146       2.669
   46      997.4422      0.176       2.844
   47      997.4422      0.176       3.020
   48      997.4422      0.177       3.197
   49      997.4422      0.174       3.372
   50      997.4422      0.189       3.561
# ---- resumen ----
n=2000 particulas=2000 iters=50 tour_valido=SI L_mejor=997.44222 (verificado 997.44222)
tiempo: preparacion=0.000 s  PSO=3.561 s  total=4.049 s  (0.0712 s/iter)
memoria: pico RSS=51.1 MB
CSV,2000,2000,50,997.442222,0.000,3.561,51.1
