261 0.635815 0.761103
1072 0.828069 0.842601
1233 0.171208 0.435882
301 0.015234 0.821847
1600 0.678240 0.848691
586 0.463073 0.765286
1308 0.555764 0.217751
743 0.392937 0.686718
805 0.375644 0.737292
923 0.543599 0.410543
1108 0.337892 0.753868
808 0.238347 0.744400
920 0.307300 0.405641
721 0.841767 0.226509
1332 0.388540 0.200829
1673 0.494767 0.506946
1454 0.050026 0.053482
702 0.123277 0.293034
499 0.321389 0.842216
720 0.559284 0.371343
1376 0.364277 0.667117
846 0.007701 0.680290
75 0.002964 0.891300
427 0.653428 0.915527
210 0.995382 0.434059
121 0.879436 0.624063
1958 0.893818 0.511875
1358 0.747686 0.840547
1351 0.875677 0.305734
287 0.186373 0.238076
218 0.210253 0.350820
1553 0.593382 0.253304
125 0.889312 0.257470
1380 0.727242 0.635559
62 0.780452 0.220757
1226 0.252645 0.682652
29 0.595275 0.255825
342 0.360833 0.617064
224 0.588695 0.148870
717 0.423517 0.368792
1999 0.066813 0.654824
437 0.757319 0.808286
226 0.807263 0.905274
271 0.838565 0.780311
1436 0.384183 0.997060
861 0.079417 0.188613
847 0.847578 0.345482
609 0.795497 0.997665
15 0.287422 0.345875
1388 0.329553 0.251097
1103 0.281609 0.251386
1087 0.338069 0.673276
1702 0.650223 0.888936
1343 0.985266 0.418341
40 0.717373 0.787647
1712 0.565550 0.427488
565 0.721228 0.885201
1156 0.438789 0.983936
1487 0.405112 0.777248
410 0.852904 0.187763
1116 0.725383 0.019836
1918 0.261594 0.172041
1372 0.815934 0.060853
1926 0.546380 0.020954
60 0.903766 0.628096
1362 0.548438 0.135709
108 0.360207 0.086161
636 0.345450 0.060836
0 0.528094 0.651813
1031 0.131028 0.234042
547 0.503887 0.675606
1765 0.434688 0.496786
1575 0.722409 0.757170
1418 0.524096 0.759270
1237 0.356462 0.659139
1152 0.729124 0.663480
267 0.949666 0.793305
941 0.728126 0.163544
519 0.774832 0.509695
181 0.506227 0.108586
1763 0.163847 0.186318
382 0.072495 0.724434
886 0.265004 0.577147
660 0.374231 0.782328
1532 0.700602 0.028626
335 0.253788 0.442654
1605 0.556311 0.639209
314 0.484465 0.919619
1808 0.559493 0.628551
444 0.032270 0.027216
1615 0.394030 0.466626
741 0.188439 0.505655
1819 0.726088 0.355080
1794 0.141612 0.079360
778 0.567115 0.157295
709 0.464139 0.632917
1374 0.498852 0.199417
351 0.869296 0.420631
24 0.360918 0.603008
1491 0.667717 0.234877
911 0.876903 0.615104
521 0.003559 0.857925
681 0.374382 0.353006
814 0.563751 0.062947
1095 0.076953 0.716607
1759 0.635197 0.908139
673 0.953099 0.310731
1497 0.044664 0.503791
1751 0.150062 0.103278
1475 0.357095 0.189518
149 0.146686 0.117472
832 0.854966 0.953801
390 0.079939 0.457626
243 0.405838 0.582018
1337 0.653760 0.525201
1692 0.635474 0.391887
1432 0.437650 0.601988
1392 0.865187 0.609442
1253 0.316183 0.318990
1158 0.211612 0.725879
1995 0.783458 0.764561
50 0.191778 0.461050
857 0.009257 0.426529
378 0.834283 0.175954
39 0.266449 0.442573
1727 0.756883 0.588014
151 0.981790 0.855312
1909 0.003266 0.094144
492 0.507335 0.031201
1032 0.988343 0.518100
1295 0.653166 0.266182
991 0.079891 0.105760
1633 0.204730 0.370631
332 0.983328 0.414985
1804 0.114875 0.133486
649 0.116132 0.533946
453 0.250683 0.519479
1625 0.436664 0.347897
1916 0.876238 0.370215
5 0.512139 0.455468
1531 0.141022 0.315340
42 0.157366 0.610870
417 0.353948 0.982783
906 0.081181 0.212967
868 0.130807 0.299636
191 0.161622 0.526255
933 0.146068 0.357014
731 0.507452 0.918195
1675 0.226910 0.897223
1347 0.187549 0.706113
560 0.427697 0.046452
1952 0.363519 0.729217
101 0.245206 0.366283
1469 0.311121 0.859665
497 0.704049 0.762802
1567 0.781917 0.890811
1754 0.855032 0.918442
788 0.621260 0.872197
1941 0.026763 0.935846
1353 0.032021 0.846792
1522 0.866277 0.001892
600 0.407639 0.171059
1213 0.707835 0.435311
180 0.274037 0.518410
1718 0.663220 0.376251
599 0.663212 0.186688
66 0.209707 0.569471
298 0.034116 0.926248
45 0.805959 0.490131
1326 0.961549 0.910129
1273 0.169950 0.205001
1867 0.623336 0.111208
259 0.295432 0.483377
1119 0.415239 0.988688
1409 0.089899 0.637085
1696 0.548355 0.050725
1244 0.631315 0.437171
1773 0.549763 0.485812
1136 0.553320 0.204958
1582 0.966766 0.903197
227 0.412193 0.940803
248 0.105893 0.788153
825 0.246453 0.227938
1074 0.829113 0.074795
1 0.942062 0.605491
124 0.952056 0.549000
1505 0.218203 0.544568
1484 0.404067 0.711232
674 0.531839 0.381321
105 0.781790 0.135234
1292 0.932868 0.423796
1914 0.923350 0.219028
516 0.379223 0.360753
16 0.465409 0.958004
793 0.886054 0.139300
1313 0.929885 0.422650
1889 0.639732 0.682055
352 0.355172 0.412713
337 0.093280 0.681744
177 0.488970 0.515765
552 0.878544 0.500661
1490 0.334227 0.723082
1563 0.357638 0.545439
1865 0.002521 0.892910
1050 0.315120 0.672526
358 0.828115 0.294477
1735 0.750614 0.271822
1435 0.150095 0.508879
435 0.468504 0.818517
1035 0.995582 0.673755
532 0.055343 0.082418
1396 0.000628 0.906562
344 0.656596 0.316088
147 0.602888 0.616482
491 0.888266 0.545602
836 0.388474 0.832206
1813 0.323812 0.559227
1151 0.289771 0.996665
1814 0.919725 0.377710
1422 0.713027 0.739172
1911 0.554600 0.711846
1297 0.703098 0.408731
1618 0.260759 0.099127
909 0.035766 0.161636
937 0.284294 0.870532
1159 0.991055 0.955597
1740 0.466358 0.999250
64 0.527564 0.847501
1368 0.964768 0.981286
92 0.888877 0.604478
1445 0.123372 0.661291
810 0.976723 0.698168
1096 0.183937 0.405403
1878 0.812609 0.862318
572 0.796810 0.804794
1683 0.737945 0.306765
967 0.060322 0.982804
1974 0.985500 0.871945
638 0.260976 0.055239
455 0.714669 0.078770
593 0.807171 0.432263
1139 0.327285 0.378858
724 0.027631 0.125663
1192 0.174951 0.877831
1882 0.348043 0.436067
1887 0.790057 0.079930
1597 0.553651 0.153467
902 0.501369 0.069438
300 0.221364 0.778882
1345 0.685918 0.865567
1304 0.192731 0.311070
592 0.713057 0.709861
316 0.059174 0.051161
945 0.938766 0.964858
1770 0.579617 0.601733
990 0.255473 0.616698
969 0.582070 0.526865
1746 0.132839 0.427501
980 0.789052 0.654762
1243 0.485635 0.757317
1168 0.117632 0.876560
950 0.249253 0.944541
1377 0.152771 0.328706
187 0.932024 0.954152
1888 0.746368 0.722948
1461 0.611555 0.916905
1166 0.027507 0.683383
1194 0.232834 0.551158
376 0.169706 0.436164
1872 0.601514 0.714608
321 0.178096 0.173429
589 0.745207 0.431401
1907 0.273484 0.484043
1724 0.667624 0.729567
758 0.794173 0.229379
1457 0.174661 0.888134
1511 0.177917 0.098421
254 0.032203 0.364555
323 0.478844 0.175198
1113 0.391875 0.543840
1039 0.524964 0.567675
926 0.694747 0.735435
463 0.956502 0.056303
1786 0.288663 0.859954
1251 0.293035 0.092035
538 0.548869 0.665895
1164 0.539679 0.356395
1482 0.248589 0.022941
1245 0.674038 0.663818
1298 0.602813 0.771051
263 0.687663 0.491110
1925 0.201117 0.157403
1626 0.456721 0.946433
1508 0.973673 0.967601
666 0.158920 0.928715
77 0.355868 0.351758
783 0.842468 0.929404
1378 0.485416 0.158738
710 0.253754 0.822215
651 0.805018 0.397918
1745 0.510724 0.778902
1894 0.641599 0.860517
153 0.224230 0.161896
116 0.605745 0.074981
17 0.046176 0.879184
512 0.747902 0.181288
1100 0.884771 0.921063
1177 0.167206 0.819680
110 0.049226 0.952387
465 0.263174 0.713919
1296 0.508179 0.503300
156 0.845407 0.203243
1042 0.371934 0.414592
513 0.984415 0.282928
1061 0.705412 0.394319
1991 0.360500 0.399008
1844 0.114517 0.889392
89 0.477130 0.577642
680 0.526317 0.390282
353 0.026684 0.367103
1681 0.754369 0.792438
581 0.677203 0.400759
7 0.940373 0.045129
1147 0.951066 0.218427
1492 0.904674 0.703644
1816 0.133011 0.947046
422 0.070295 0.863922
1366 0.747950 0.525157
631 0.203042 0.839654
1275 0.795435 0.120052
409 0.665583 0.153121
291 0.036921 0.316238
1258 0.948220 0.180033
216 0.283210 0.571517
997 0.438570 0.907029
1185 0.767846 0.239465
1874 0.252516 0.930412
1429 0.040755 0.176588
1209 0.200327 0.120386
1586 0.738316 0.406387
178 0.920120 0.835940
827 0.049332 0.732560
1884 0.519226 0.160937
1772 0.947419 0.820191
1645 0.923457 0.428077
983 0.564111 0.565926
232 0.465738 0.738606
315 0.432663 0.211761
88 0.503569 0.374572
423 0.853941 0.715796
245 0.838749 0.330405
557 0.900591 0.231909
1972 0.769794 0.360191
1743 0.000611 0.113681
278 0.097409 0.592317
921 0.994951 0.086658
476 0.654403 0.110717
1684 0.975086 0.519141
1352 0.526480 0.075875
791 0.723726 0.053541
866 0.644985 0.000054
880 0.961996 0.916539
413 0.365963 0.083038
1483 0.443158 0.931077
1146 0.381286 0.286044
1739 0.512220 0.231404
236 0.494998 0.666259
1714 0.521763 0.804462
482 0.080708 0.181361
1573 0.833342 0.433236
505 0.292537 0.059915
1682 0.268799 0.288276
4 0.129950 0.888139
1486 0.166765 0.931443
1386 0.342845 0.791770
545 0.452678 0.349921
1344 0.521798 0.716722
1643 0.341145 0.049438
142 0.503420 0.249832
1367 0.437826 0.037616
973 0.754990 0.064622
494 0.264430 0.184347
171 0.456907 0.894198
381 0.521617 0.188152
602 0.117732 0.584181
1921 0.079273 0.064566
734 0.186760 0.382453
1008 0.733651 0.028437
1331 0.357230 0.997727
1382 0.856160 0.379203
1767 0.943651 0.163920
947 0.964430 0.608783
185 0.555951 0.969437
910 0.444687 0.422997
201 0.302948 0.571098
1741 0.561158 0.817864
1207 0.074927 0.225850
867 0.002375 0.877534
804 0.433170 0.293259
1536 0.339840 0.312729
1395 0.537347 0.248687
1312 0.113713 0.071921
1537 0.592123 0.314353
796 0.731165 0.464691
349 0.419837 0.470778
249 0.577141 0.856385
1549 0.409779 0.926204
326 0.777060 0.293100
1545 0.006731 0.146508
1783 0.881936 0.310634
1381 0.741540 0.815243
452 0.843243 0.428657
1646 0.194673 0.231063
1205 0.150295 0.372091
590 0.309189 0.859755
459 0.698146 0.493040
357 0.661923 0.201276
1428 0.919574 0.799931
1219 0.926418 0.387059
137 0.772569 0.084869
1827 0.772874 0.524080
1695 0.511767 0.153496
715 0.812105 0.191465
627 0.336586 0.548644
1023 0.627979 0.237735
1598 0.580809 0.070900
393 0.618495 0.892600
1465 0.490891 0.090648
85 0.259453 0.353638
529 0.680274 0.033876
374 0.013786 0.001648
74 0.092820 0.506375
309 0.140688 0.924470
1634 0.214333 0.508556
416 0.511261 0.768591
924 0.823906 0.512532
1848 0.886432 0.097063
1851 0.295616 0.833103
193 0.990963 0.401367
438 0.568826 0.142689
33 0.004713 0.500389
262 0.919107 0.724420
1782 0.601419 0.115099
136 0.676137 0.626022
1542 0.517544 0.679406
520 0.865750 0.950556
894 0.727978 0.837454
1680 0.476417 0.453229
1753 0.102794 0.789941
656 0.746833 0.781368
760 0.251462 0.098161
1055 0.182815 0.519611
18 0.800086 0.080583
1525 0.551058 0.690639
1833 0.434058 0.057646
1541 0.133011 0.132737
1131 0.380500 0.500585
1001 0.204090 0.025293
1420 0.376426 0.416595
690 0.181937 0.096404
1886 0.372999 0.246899
1262 0.436432 0.025064
956 0.890842 0.574727
1124 0.042580 0.670614
1663 0.879222 0.260342
138 0.879544 0.720625
1533 0.993305 0.388491
701 0.527694 0.416568
1846 0.587659 0.897954
1407 0.758696 0.228457
1071 0.958852 0.419893
173 0.216650 0.528679
1752 0.175503 0.715477
1935 0.469359 0.306148
1115 0.433513 0.295981
780 0.250263 0.343001
965 0.534642 0.294775
1265 0.358958 0.647977
962 0.242946 0.778917
1183 0.432750 0.790975
83 0.326233 0.536623
1488 0.131097 0.016926
771 0.061736 0.612878
855 0.471608 0.366780
872 0.501038 0.436017
1281 0.366936 0.738384
517 0.873005 0.503522
667 0.135774 0.205936
472 0.062419 0.647247
1176 0.184548 0.474094
985 0.043121 0.419298
1282 0.854639 0.238049
280 0.455710 0.275666
1107 0.004908 0.128531
740 0.733359 0.080216
1370 0.464426 0.898504
1349 0.648213 0.501868
918 0.482935 0.037828
1594 0.520845 0.752578
1898 0.167611 0.164904
784 0.793312 0.256784
948 0.479423 0.839512
1938 0.136169 0.964355
6 0.406240 0.181622
745 0.326005 0.819810
1212 0.294318 0.403291
379 0.136037 0.633693
1069 0.168800 0.838393
1667 0.454345 0.797146
640 0.133163 0.603106
1649 0.976514 0.170392
274 0.232605 0.154848
1175 0.459016 0.906771
523 0.503724 0.894469
1647 0.258308 0.972873
654 0.125574 0.440986
1444 0.808516 0.068127
51 0.344848 0.414488
1661 0.635263 0.913867
318 0.789646 0.374542
1204 0.405605 0.975578
739 0.392851 0.678503
1976 0.505173 0.573205
1607 0.767770 0.386836
1091 0.322260 0.269223
1623 0.891171 0.791587
555 0.827607 0.494201
1627 0.214937 0.165049
797 0.002026 0.691523
1937 0.030003 0.888376
258 0.943841 0.845074
1611 0.090251 0.840500
1424 0.256026 0.342731
1950 0.896503 0.178528
637 0.961808 0.676105
1785 0.910293 0.489110
242 0.799248 0.088544
802 0.040776 0.050287
19 0.608651 0.052904
548 0.691100 0.259739
1750 0.359430 0.114837
1360 0.084682 0.279649
485 0.474713 0.071809
1664 0.131337 0.276118
987 0.561672 0.798157
1403 0.086651 0.697186
1417 0.461798 0.092597
820 0.030575 0.037043
1928 0.269025 0.183859
1261 0.347407 0.974773
786 0.212029 0.900694
670 0.247320 0.740575
1272 0.060317 0.760767
368 0.940463 0.729206
1973 0.329347 0.813268
1632 0.949866 0.019383
1165 0.359809 0.072329
436 0.948830 0.433011
1234 0.498297 0.031039
1668 0.730082 0.062015
1707 0.856074 0.856767
777 0.367931 0.299389
1562 0.301054 0.725393
479 0.892277 0.165727
112 0.889989 0.163844
9 0.958807 0.924913
618 0.170880 0.717040
1236 0.601237 0.293047
863 0.532253 0.253934
1363 0.402838 0.747897
1589 0.293862 0.196528
1613 0.414585 0.169561
1311 0.331894 0.655405
1320 0.940419 0.309685
578 0.601377 0.584173
48 0.389165 0.980119
166 0.688911 0.949680
1940 0.949077 0.031343
1641 0.765042 0.201018
688 0.782382 0.950662
155 0.949280 0.867440
882 0.902393 0.981854
1024 0.022439 0.296795
1570 0.172647 0.928421
1083 0.629604 0.704957
1614 0.531221 0.398232
115 0.731286 0.295848
277 0.096904 0.033661
1170 0.491556 0.543830
443 0.847977 0.233931
1434 0.845774 0.044765
1934 0.936767 0.416720
580 0.395840 0.009720
1173 0.054809 0.080250
414 0.667240 0.482193
749 0.720210 0.867561
658 0.760920 0.764822
429 0.629068 0.856116
1520 0.936835 0.629546
1731 0.813822 0.452123
616 0.263716 0.316924
1801 0.800040 0.698591
1628 0.229573 0.713392
34 0.263909 0.869847
1564 0.692807 0.609583
1129 0.010582 0.989601
1548 0.429295 0.638015
1557 0.203114 0.689211
1904 0.323224 0.196457
1144 0.872650 0.623784
179 0.872437 0.498028
507 0.832124 0.322505
1540 0.847396 0.442205
163 0.048726 0.842013
1560 0.673903 0.444175
1195 0.048804 0.902135
1267 0.003526 0.469487
117 0.037669 0.667559
1924 0.934861 0.297432
1850 0.062714 0.132962
1284 0.266052 0.809873
81 0.535320 0.117661
1529 0.850104 0.811113
668 0.709780 0.535103
753 0.096971 0.874617
102 0.431516 0.367015
1803 0.498688 0.121345
294 0.323472 0.170688
1335 0.487975 0.885901
1900 0.602212 0.451505
1140 0.992605 0.362946
1674 0.126430 0.531320
833 0.129038 0.548068
250 0.079085 0.749224
1830 0.821166 0.384949
919 0.101746 0.264374
998 0.616708 0.115014
1654 0.317383 0.412647
561 0.495960 0.429003
1493 0.078110 0.668421
496 0.958177 0.006508
567 0.286511 0.622554
76 0.674112 0.067852
1989 0.919102 0.700436
1225 0.985244 0.236640
925 0.827318 0.007289
1747 0.020256 0.660846
1086 0.165290 0.999274
1790 0.119782 0.020804
1037 0.283551 0.431544
525 0.798752 0.741090
754 0.032540 0.304374
977 0.681121 0.271211
140 0.092504 0.373387
931 0.565654 0.849419
199 0.753646 0.879144
1672 0.843127 0.394577
1073 0.926443 0.631737
1250 0.571933 0.250520
79 0.701599 0.635338
1768 0.899548 0.834057
1609 0.444112 0.658275
448 0.076412 0.413272
692 0.251584 0.540158
1749 0.066773 0.338243
360 0.186574 0.491064
594 0.450221 0.366492
736 0.711494 0.448698
1734 0.699133 0.619440
1021 0.819655 0.372711
738 0.636522 0.903580
1189 0.374397 0.571763
1412 0.100446 0.360481
1955 0.695318 0.219445
596 0.015416 0.564627
1967 0.202333 0.938490
707 0.366645 0.200230
1923 0.521598 0.570019
320 0.690141 0.709688
104 0.049959 0.779587
1630 0.160511 0.942788
1642 0.214615 0.900081
405 0.625260 0.433319
1371 0.024676 0.134704
244 0.374847 0.361110
1426 0.804315 0.049303
235 0.938555 0.520051
1879 0.463536 0.725508
1530 0.751895 0.887288
1901 0.596641 0.595855
129 0.057629 0.207177
328 0.914379 0.158023
1799 0.327396 0.015488
1728 0.683318 0.367416
891 0.590525 0.451484
1791 0.741739 0.419939
1738 0.913979 0.429419
1678 0.444100 0.237454
573 0.548670 0.240639
1503 0.007333 0.868721
1356 0.784363 0.162190
159 0.172189 0.120215
1895 0.921358 0.301654
689 0.053108 0.278859
1771 0.530502 0.594557
411 0.159850 0.246184
1015 0.227482 0.647007
1726 0.546857 0.658379
1708 0.928266 0.048158
1439 0.492249 0.602161
675 0.593018 0.351516
1383 0.121707 0.350167
1316 0.116289 0.478733
1000 0.325674 0.632997
1453 0.281591 0.087673
1274 0.187927 0.714334
433 0.272000 0.661098
792 0.204474 0.968416
1222 0.062549 0.467238
341 0.535891 0.085153
1398 0.277319 0.685366
1949 0.053181 0.462416
1076 0.167355 0.091728
296 0.933260 0.295268
1200 0.888011 0.979989
961 0.353614 0.999163
196 0.094342 0.349899
190 0.256157 0.355761
1310 0.262652 0.474122
273 0.603412 0.570369
295 0.754028 0.180503
1977 0.421022 0.272080
1309 0.417143 0.175091
887 0.719472 0.059004
1510 0.182917 0.211393
1631 0.342019 0.034165
2 0.754922 0.706851
1474 0.624137 0.871195
162 0.514793 0.366456
1132 0.305815 0.878343
1975 0.444446 0.889267
766 0.221272 0.383216
554 0.255437 0.382148
165 0.883073 0.107804
1322 0.095017 0.638413
905 0.673637 0.555160
365 0.344419 0.870580
1660 0.174965 0.687410
1472 0.562375 0.142747
752 0.356267 0.120046
1329 0.901326 0.138634
14 0.823038 0.132920
1323 0.170428 0.988151
1141 0.168444 0.949694
979 0.443530 0.510776
885 0.642141 0.314901
1451 0.523741 0.807438
1099 0.721220 0.530497
127 0.931252 0.584656
272 0.782858 0.983425
1009 0.026428 0.903484
37 0.965772 0.468305
1820 0.703835 0.273540
682 0.500528 0.502225
1982 0.932985 0.386018
1592 0.161201 0.254250
1184 0.109443 0.400180
1580 0.756354 0.502770
96 0.765029 0.369755
899 0.741751 0.070279
1291 0.410389 0.337125
840 0.899780 0.202784
118 0.913920 0.250358
1468 0.046485 0.458193
624 0.071351 0.323668
1806 0.260944 0.403492
583 0.406866 0.525583
958 0.096697 0.425813
1715 0.246258 0.205453
556 0.817759 0.445868
253 0.154282 0.579868
1259 0.343607 0.837594
1060 0.209059 0.335216
1431 0.167193 0.939149
1442 0.452702 0.857382
1877 0.859278 0.388204
1188 0.178754 0.625523
286 0.271079 0.542779
97 0.355975 0.663202
1716 0.190325 0.897991
1706 0.319956 0.192610
940 0.075675 0.261218
1639 0.430227 0.888744
1242 0.451989 0.172457
99 0.473930 0.947452
1467 0.608395 0.504694
1762 0.969514 0.079842
1227 0.052997 0.416972
1780 0.142911 0.248443
748 0.802357 0.718870
1450 0.957224 0.430074
1449 0.970752 0.334586
838 0.201140 0.620535
1270 0.489684 0.672133
292 0.063091 0.695623
768 0.548149 0.299551
466 0.866672 0.477344
503 0.735112 0.540783
447 0.259683 0.429948
25 0.740116 0.109420
913 0.832872 0.132514
1413 0.419122 0.544316
540 0.022732 0.124146
212 0.475883 0.514763
1690 0.866557 0.050764
693 0.902477 0.591329
633 0.883704 0.545110
233 0.573308 0.314760
1178 0.421295 0.189382
457 0.275865 0.479351
632 0.021132 0.542254
648 0.222367 0.429433
541 0.114732 0.896126
495 0.037931 0.512923
1048 0.734874 0.673067
1191 0.064224 0.217524
61 0.188550 0.608503
504 0.826773 0.205945
1399 0.694348 0.709989
655 0.582587 0.062977
86 0.398584 0.492868
1732 0.771380 0.283555
719 0.935917 0.584263
1652 0.707830 0.997905
1838 0.245323 0.191836
1120 0.649815 0.925840
1217 0.916869 0.744241
1334 0.762143 0.993036
1020 0.046586 0.461359
669 0.301647 0.684769
1758 0.698151 0.430499
1361 0.300436 0.433445
1539 0.054780 0.440477
767 0.465180 0.435267
1742 0.109897 0.238694
954 0.080952 0.220351
1671 0.519495 0.979171
336 0.403363 0.451982
1199 0.024477 0.146688
1082 0.054636 0.015294
486 0.931302 0.982000
206 0.340113 0.874139
1065 0.834899 0.901304
1845 0.915402 0.223444
1404 0.856396 0.446100
1232 0.095273 0.939836
1220 0.651423 0.758149
1506 0.617589 0.725462
617 0.721571 0.071775
1730 0.515038 0.944316
279 0.353259 0.157615
1802 0.050033 0.133209
1043 0.267326 0.375771
1066 0.625817 0.357788
634 0.203452 0.182942
571 0.781044 0.123356
100 0.610218 0.757414
1717 0.095723 0.996340
735 0.417759 0.835036
317 0.185503 0.182067
1535 0.139589 0.089148
322 0.569645 0.004944
1286 0.815836 0.479541
1824 0.817893 0.328137
189 0.612676 0.880372
1466 0.504564 0.715788
234 0.217568 0.373778
157 0.610620 0.946768
361 0.685184 0.860650
148 0.533342 0.994528
369 0.223779 0.874430
816 0.693935 0.162804
10 0.293994 0.489164
488 0.085302 0.943239
559 0.308021 0.934986
87 0.086858 0.060422
1980 0.344343 0.984342
260 0.060132 0.329824
449 0.167075 0.704051
1149 0.659902 0.888952
1221 0.397193 0.295337
209 0.847168 0.034600
1983 0.025201 0.460856
241 0.544700 0.830874
389 0.745670 0.759589
727 0.289491 0.545990
32 0.345051 0.185898
240 0.033352 0.731920
951 0.443950 0.636066
1256 0.179520 0.261985
1033 0.955211 0.669767
772 0.847704 0.032684
1936 0.728288 0.963870
811 0.658547 0.983549
971 0.099866 0.618893
1828 0.840472 0.896947
1579 0.936020 0.938391
831 0.307320 0.721494
1427 0.701565 0.272868
1504 0.637869 0.734809
432 0.427682 0.964178
1860 0.625766 0.893608
568 0.734126 0.026379
1389 0.353439 0.934799
1016 0.593216 0.260605
904 0.396930 0.309138
408 0.988228 0.346920
310 0.752065 0.442172
585 0.865760 0.452109
288 0.696219 0.749316
563 0.839451 0.050075
1391 0.663059 0.349660
1125 0.882961 0.210610
473 0.597427 0.368155
1788 0.739288 0.418023
1190 0.850523 0.647285
355 0.135032 0.878798
184 0.550733 0.214640
1965 0.626497 0.702643
1460 0.822354 0.181618
1104 0.011923 0.773903
875 0.201090 0.495542
460 0.875524 0.293565
467 0.526265 0.289586
661 0.120268 0.916934
188 0.802205 0.557785
982 0.420813 0.623365
779 0.420947 0.797711
330 0.626787 0.871490
946 0.942877 0.045935
1247 0.221250 0.706001
446 0.946077 0.195310
202 0.789535 0.014290
1240 0.252601 0.102976
1774 0.795919 0.023711
372 0.560826 0.214170
922 0.266014 0.700872
1171 0.693949 0.991077
1778 0.884885 0.524108
1230 0.583319 0.204893
500 0.688943 0.005450
1111 0.545587 0.959672
65 0.919624 0.897545
1810 0.787806 0.340336
912 0.536780 0.298087
366 0.369991 0.225915
480 0.856279 0.190207
256 0.071128 0.813717
995 0.882977 0.838408
401 0.233361 0.990947
704 0.353173 0.773641
484 0.702153 0.267111
889 0.666126 0.934472
1687 0.433355 0.541079
1873 0.487566 0.277743
544 0.559714 0.642722
644 0.826459 0.100888
306 0.071516 0.737394
1090 0.134878 0.173000
1807 0.124721 0.653962
135 0.301641 0.847818
281 0.539226 0.007835
849 0.693653 0.195942
1414 0.831109 0.020121
134 0.290466 0.732150
845 0.410300 0.421484
716 0.888478 0.157480
1385 0.024875 0.747289
1870 0.744397 0.874477
1446 0.605933 0.826482
1896 0.235312 0.107975
428 0.294665 0.671403
1448 0.208232 0.749855
383 0.586957 0.690178
828 0.018362 0.570909
960 0.839272 0.942210
1053 0.280274 0.488583
114 0.269216 0.054244
1145 0.071930 0.837435
1885 0.310945 0.263488
888 0.711464 0.441774
1379 0.568257 0.576092
1857 0.256518 0.526760
873 0.938111 0.758211
1406 0.165080 0.070736
1636 0.840257 0.594806
1102 0.341829 0.189719
1554 0.150549 0.131166
1499 0.278641 0.586138
938 0.338968 0.037537
164 0.349799 0.322071
733 0.545685 0.211482
363 0.285044 0.874353
498 0.193114 0.504627
113 0.644586 0.374258
172 0.449219 0.006210
676 0.170792 0.943412
489 0.552241 0.894151
403 0.033798 0.934608
1992 0.285092 0.925318
605 0.358221 0.705523
1357 0.791002 0.327309
1875 0.838294 0.892388
1079 0.765758 0.838655
78 0.682587 0.923627
1425 0.688206 0.554302
264 0.387320 0.490085
1026 0.300406 0.401781
1963 0.825822 0.758660
394 0.442208 0.602990
71 0.354992 0.475067
790 0.802957 0.221921
1390 0.810293 0.810427
534 0.852512 0.906614
1800 0.689604 0.795346
1523 0.919646 0.512685
1012 0.410615 0.328557
251 0.365873 0.974326
773 0.945774 0.831833
1821 0.059752 0.803015
928 0.256613 0.292391
1825 0.120845 0.526223
608 0.195943 0.648242
1279 0.408804 0.835597
622 0.355511 0.245812
1117 0.314811 0.825704
197 0.361567 0.860781
1764 0.908081 0.371594
927 0.163322 0.220395
1249 0.272064 0.117394
1512 0.272100 0.932696
603 0.179039 0.635814
1477 0.565780 0.933423
174 0.514027 0.728462
1853 0.621786 0.746868
901 0.190690 0.143762
842 0.103877 0.546624
1260 0.918212 0.266037
307 0.478900 0.046820
722 0.279135 0.281290
1041 0.932758 0.431142
575 0.975943 0.121468
539 0.219833 0.357141
284 0.446010 0.562417
756 0.294718 0.649980
785 0.412284 0.882701
1239 0.412429 0.302764
1327 0.514387 0.903376
1206 0.712523 0.569762
576 0.023101 0.819570
837 0.455204 0.222843
1004 0.075967 0.484617
1294 0.392156 0.909372
989 0.694692 0.431526
1939 0.100787 0.998441
936 0.861562 0.099491
770 0.406005 0.439290
421 0.686410 0.801643
311 0.978744 0.154054
984 0.734288 0.739161
454 0.138308 0.922367
601 0.320814 0.374919
546 0.517797 0.910203
803 0.084034 0.112669
1098 0.782917 0.204096
1421 0.459706 0.887356
1970 0.651813 0.985614
1946 0.133359 0.940708
851 0.348772 0.702371
1653 0.719615 0.436374
1944 0.140861 0.545079
1179 0.211202 0.704115
1701 0.166431 0.295709
611 0.952797 0.423516
1834 0.540540 0.377257
877 0.190375 0.721005
1858 0.631374 0.965126
542 0.689586 0.802469
524 0.914665 0.893632
903 0.458613 0.541842
468 0.222395 0.487997
1228 0.881045 0.405844
1985 0.051079 0.995611
972 0.317907 0.586077
1658 0.500632 0.093845
1945 0.863958 0.647107
80 0.243983 0.296286
1182 0.254999 0.313815
1473 0.015089 0.791928
683 0.175802 0.805976
1521 0.419778 0.788128
625 0.722807 0.833853
613 0.312669 0.293167
725 0.036762 0.855774
729 0.927239 0.540770
732 0.476912 0.447046
1283 0.788311 0.177551
698 0.611497 0.197932
487 0.390864 0.533674
839 0.094740 0.952572
255 0.793465 0.218896
543 0.100034 0.837371
1463 0.314791 0.216598
47 0.021835 0.487337
451 0.098747 0.491585
319 0.112161 0.213695
774 0.818450 0.117733
1516 0.552217 0.838878
1410 0.364401 0.266476
119 0.907284 0.229309
1832 0.433377 0.921056
870 0.179453 0.265658
1208 0.456344 0.559290
1056 0.091700 0.229921
1154 0.014373 0.590217
1812 0.545799 0.909971
582 0.415475 0.989808
1864 0.695839 0.683859
8 0.508010 0.804956
1568 0.593934 0.284271
370 0.244524 0.682725
635 0.835475 0.794001
27 0.114851 0.885932
587 0.705554 0.313177
1058 0.258982 0.000356
158 0.477981 0.128476
384 0.735897 0.859580
726 0.289119 0.945870
270 0.425497 0.965990
1869 0.088077 0.526710
699 0.695907 0.061392
182 0.050288 0.529189
334 0.445277 0.175697
1876 0.182475 0.151715
1155 0.249516 0.643014
1725 0.164400 0.965719
1350 0.189390 0.309796
526 0.600437 0.707863
1300 0.098376 0.782715
776 0.348145 0.009636
664 0.269383 0.579498
1231 0.505050 0.932454
1836 0.694471 0.443761
1325 0.557300 0.098057
49 0.180140 0.244457
652 0.908632 0.180979
1602 0.379146 0.193824
11 0.563835 0.007278
1197 0.289554 0.180000
665 0.091247 0.776677
215 0.628339 0.479218
1047 0.015473 0.754183
686 0.569126 0.778479
1776 0.868398 0.279505
789 0.349509 0.891777
150 0.260103 0.571665
1126 0.222778 0.866818
610 0.115021 0.359883
91 0.876833 0.140973
694 0.795063 0.814406
1957 0.947365 0.094375
63 0.186574 0.977337
1555 0.535021 0.188670
1789 0.904037 0.999150
1513 0.192613 0.551587
1534 0.359655 0.400697
858 0.665067 0.522727
712 0.957240 0.926906
1495 0.358752 0.724708
404 0.131055 0.102491
515 0.129746 0.316296
195 0.949472 0.205873
387 0.224563 0.355097
1157 0.027585 0.847612
1306 0.305693 0.425909
107 0.646217 0.173144
621 0.028292 0.039617
1829 0.645888 0.100455
305 0.597136 0.107856
220 0.327969 0.447695
1847 0.654614 0.745195
56 0.216344 0.591821
761 0.137304 0.840341
976 0.893769 0.762505
993 0.755768 0.497967
268 0.266717 0.534159
345 0.151687 0.814345
569 0.031967 0.771802
934 0.750324 0.097449
483 0.946919 0.268032
730 0.944433 0.867189
1893 0.122481 0.248429
942 0.757310 0.705210
35 0.007326 0.898435
968 0.462799 0.581640
687 0.990885 0.283980
1507 0.258215 0.959814
1022 0.127534 0.828068
1264 0.632074 0.916999
239 0.418664 0.715838
469 0.941452 0.494181
1662 0.597560 0.762092
230 0.512677 0.335412
558 0.252868 0.563144
800 0.319152 0.515230
94 0.249075 0.352846
943 0.823581 0.992296
229 0.131231 0.676159
1277 0.591841 0.955293
978 0.247984 0.029632
371 0.765705 0.754887
815 0.585819 0.397823
269 0.605973 0.576578
966 0.081963 0.382479
742 0.017270 0.110942
1094 0.645302 0.422951
1733 0.985778 0.242301
1656 0.953672 0.730635
819 0.763483 0.605605
604 0.729520 0.459243
1339 0.989649 0.362832
426 0.358935 0.919858
214 0.687979 0.954832
1777 0.903488 0.592874
43 0.967165 0.563426
551 0.487463 0.476660
1416 0.311094 0.234828
1263 0.482520 0.133245
1433 0.327432 0.526033
430 0.495659 0.590764
1142 0.874593 0.633019
392 0.124973 0.413650
1271 0.244469 0.488976
859 0.731058 0.414378
200 0.985250 0.769714
1818 0.328583 0.852042
1585 0.045329 0.954703
1040 0.284517 0.026404
266 0.801248 0.851788
1045 0.897399 0.857768
1721 0.326014 0.329362
1757 0.710880 0.393797
612 0.498826 0.617634
1201 0.730574 0.259963
1338 0.849483 0.852487
69 0.367287 0.150752
1561 0.999031 0.831335
1359 0.270386 0.780514
1266 0.626904 0.399753
755 0.302647 0.471173
1248 0.999511 0.880007
1578 0.961360 0.808108
1459 0.637593 0.141395
1470 0.483074 0.130282
1775 0.156920 0.504030
1375 0.382138 0.073830
798 0.135012 0.910396
1063 0.494550 0.554705
1988 0.288575 0.999032
103 0.398517 0.781469
194 0.067287 0.970554
1285 0.666629 0.202887
1257 0.210414 0.815261
1478 0.930878 0.178867
823 0.210082 0.413089
1811 0.224298 0.925010
1856 0.531056 0.208327
1153 0.028771 0.033716
1133 0.614421 0.816848
1691 0.164662 0.959137
703 0.651653 0.775391
161 0.202941 0.907399
1528 0.182173 0.309305
841 0.917754 0.458880
1676 0.491188 0.723708
1496 0.748629 0.477087
537 0.272045 0.676144
1494 0.123186 0.590231
1637 0.249539 0.651527
1400 0.985735 0.648694
1979 0.598279 0.260813
431 0.289839 0.752653
1452 0.583845 0.648314
957 0.771445 0.604477
247 0.694247 0.136163
852 0.086444 0.545918
386 0.485591 0.780741
1688 0.466628 0.129429
645 0.251742 0.079595
1574 0.648915 0.642666
1067 0.193025 0.699890
1755 0.220128 0.097673
1288 0.682340 0.660784
564 0.435513 0.943133
1685 0.673984 0.888779
1959 0.651385 0.861625
1101 0.293672 0.940844
1942 0.243728 0.779415
293 0.692229 0.182259
93 0.379119 0.558126
662 0.462886 0.181940
1559 0.189445 0.096542
1748 0.805572 0.410032
1638 0.494981 0.092850
283 0.287425 0.174930
685 0.756705 0.777511
1711 0.242045 0.772298
1019 0.010162 0.671942
183 0.491606 0.618334
728 0.204489 0.405270
1068 0.259871 0.995016
1387 0.840067 0.568361
1760 0.565951 0.468030
1729 0.059271 0.267425
1462 0.454965 0.443816
952 0.845424 0.140897
1905 0.674182 0.980115
1143 0.813847 0.760134
1527 0.753711 0.409843
222 0.277703 0.441529
1369 0.743309 0.957401
974 0.368873 0.747212
1868 0.901959 0.137602
1779 0.366268 0.035756
1276 0.769684 0.104016
1948 0.724712 0.552054
207 0.061505 0.025668
1793 0.004987 0.361949
72 0.204781 0.525786
1990 0.946021 0.471620
1054 0.729133 0.501116
1617 0.888526 0.718340
347 0.714793 0.192818
1640 0.336989 0.055252
1576 0.204141 0.830405
1084 0.792381 0.808562
1137 0.518530 0.464219
1657 0.340437 0.924424
419 0.285648 0.379820
1408 0.656990 0.081848
1006 0.459479 0.023978
1929 0.595929 0.968617
939 0.337069 0.675552
3 0.704244 0.202027
843 0.687352 0.141259
1330 0.481515 0.625263
167 0.900961 0.756437
562 0.278524 0.412524
628 0.689546 0.058690
1092 0.053976 0.411948
653 0.197926 0.489159
1919 0.591026 0.909974
1591 0.796686 0.290244
1112 0.604961 0.948353
1397 0.906813 0.406942
36 0.423857 0.747045
647 0.611932 0.633867
1280 0.956766 0.401265
1081 0.187898 0.179295
591 0.518728 0.054658
1526 0.769678 0.990466
1906 0.738782 0.358935
1333 0.663074 0.082072
252 0.993422 0.259383
1599 0.314309 0.897646
324 0.009940 0.598224
434 0.534963 0.435312
996 0.358714 0.888269
362 0.420769 0.685690
994 0.130162 0.652346
1123 0.807023 0.996248
677 0.816578 0.484548
128 0.696286 0.392950
367 0.742233 0.012611
327 0.060428 0.165035
1202 0.029648 0.244606
98 0.738307 0.125301
475 0.848472 0.968313
588 0.624145 0.745921
929 0.734315 0.000417
1447 0.587550 0.143979
1703 0.355232 0.382040
1135 0.812974 0.913911
1110 0.943756 0.302302
1700 0.647170 0.197287
478 0.147560 0.482136
1025 0.632124 0.980118
1254 0.538893 0.289369
395 0.556827 0.164275
175 0.369914 0.211586
1587 0.041515 0.473181
1571 0.891264 0.085648
1693 0.649304 0.550567
1933 0.634613 0.044310
607 0.966542 0.383948
1303 0.432173 0.192688
1062 0.721756 0.643813
826 0.999942 0.636232
1792 0.107734 0.756499
1881 0.510403 0.483827
477 0.463095 0.441304
1880 0.309437 0.379041
1912 0.873226 0.548894
763 0.931219 0.203790
1892 0.090946 0.548243
955 0.243667 0.151793
822 0.418645 0.793276
1364 0.439318 0.766820
509 0.040063 0.700694
708 0.789298 0.814200
73 0.305410 0.543959
930 0.373510 0.367975
82 0.908979 0.131279
1458 0.670161 0.405857
1648 0.982785 0.363358
1018 0.021519 0.887055
1761 0.050640 0.489352
1502 0.692813 0.585576
1550 0.407101 0.589134
354 0.725016 0.555580
1608 0.445032 0.686072
391 0.794372 0.967862
67 0.410990 0.645476
152 0.106569 0.418106
41 0.552698 0.069476
1384 0.894316 0.959832
1697 0.330967 0.413742
614 0.065870 0.377295
1616 0.484717 0.447704
1699 0.484639 0.830678
671 0.059803 0.145466
530 0.858963 0.215506
714 0.539015 0.504403
915 0.417633 0.224587
470 0.282637 0.136424
1500 0.072415 0.317855
308 0.295435 0.637182
897 0.700599 0.779972
1823 0.827528 0.392151
684 0.454622 0.066093
1581 0.928538 0.372289
445 0.213757 0.915186
860 0.535296 0.109466
204 0.547405 0.246286
1932 0.518582 0.131338
59 0.232573 0.284177
450 0.478297 0.152390
536 0.001369 0.129163
718 0.577450 0.075908
359 0.186062 0.329615
907 0.657275 0.846625
192 0.217595 0.379209
1365 0.652862 0.022816
1565 0.717688 0.268021
1105 0.437687 0.132729
528 0.696191 0.958519
584 0.583880 0.209243
131 0.860473 0.528072
23 0.643633 0.120473
1134 0.073475 0.320788
1002 0.274069 0.860001
246 0.795798 0.813737
869 0.425213 0.168671
531 0.919562 0.114766
723 0.065800 0.557256
1698 0.366948 0.013031
1011 0.337759 0.707481
1610 0.499006 0.187716
1293 0.095907 0.415995
1766 0.037727 0.810448
1722 0.507441 0.257076
1423 0.160657 0.341568
1837 0.142368 0.566646
809 0.192827 0.469366
1214 0.443728 0.202427
623 0.064384 0.102514
442 0.667670 0.422988
120 0.981886 0.682718
1910 0.487692 0.227896
373 0.525737 0.491747
1781 0.422140 0.861035
502 0.659921 0.436720
999 0.001207 0.842095
1840 0.881641 0.476524
1138 0.140325 0.206451
850 0.550005 0.792339
794 0.660801 0.682321
566 0.044829 0.672064
959 0.080007 0.510354
1538 0.944789 0.145381
1319 0.253707 0.458557
1097 0.774858 0.830277
781 0.206831 0.693317
1584 0.918105 0.030369
141 0.372255 0.123785
1480 0.980331 0.801805
864 0.269148 0.481712
1543 0.863166 0.098370
1927 0.780769 0.909912
38 0.540673 0.053271
340 0.763692 0.182483
1796 0.670305 0.507388
343 0.822846 0.881562
1622 0.923049 0.931697
44 0.349884 0.177556
208 0.855671 0.886099
20 0.121315 0.387316
1373 0.242107 0.375948
168 0.137709 0.153810
1148 0.277619 0.346034
406 0.204150 0.035848
1981 0.690193 0.823470
1849 0.126653 0.216952
932 0.138165 0.286839
1246 0.668418 0.671534
824 0.827416 0.718790
830 0.063053 0.056009
418 0.327227 0.560579
313 0.267824 0.299782
1118 0.623860 0.872802
205 0.341159 0.392258
1686 0.366656 0.886207
1917 0.328445 0.863977
1787 0.867163 0.312180
1736 0.101141 0.550487
1519 0.002471 0.079895
1866 0.770744 0.255789
1174 0.050747 0.000852
1193 0.294459 0.465308
1430 0.018585 0.741050
1842 0.930910 0.418276
1059 0.956471 0.837981
1161 0.912092 0.008454
160 0.769105 0.387411
228 0.680654 0.451067
1354 0.202916 0.819066
1551 0.660841 0.711781
1577 0.217548 0.232818
679 0.004845 0.133942
1150 0.843050 0.591352
46 0.754168 0.423052
1969 0.083153 0.836704
1328 0.585175 0.256994
1621 0.339083 0.271802
711 0.219419 0.270219
1713 0.164573 0.196789
338 0.318944 0.352352
1809 0.655149 0.624005
1666 0.055754 0.152693
700 0.454003 0.537365
553 0.482935 0.130001
377 0.394059 0.495453
329 0.045739 0.755726
1088 0.613926 0.312490
1411 0.835001 0.910365
464 0.866419 0.017359
1986 0.498766 0.151035
799 0.769912 0.665434
1172 0.422501 0.976177
169 0.831449 0.923375
615 0.048680 0.747743
143 0.206176 0.706548
402 0.314106 0.474570
1852 0.852944 0.680737
527 0.432001 0.089335
1393 0.132351 0.600047
574 0.322255 0.716211
1947 0.257399 0.199078
1588 0.563694 0.466689
769 0.001622 0.490594
1305 0.763336 0.716484
595 0.043815 0.242986
706 0.935920 0.140368
848 0.831632 0.582649
606 0.885032 0.358168
380 0.041928 0.923525
1346 0.315609 0.442798
795 0.882987 0.013690
385 0.776865 0.076993
522 0.912919 0.928465
471 0.972181 0.907871
1355 0.903209 0.366734
111 0.784279 0.991936
1075 0.683384 0.191551
1106 0.926078 0.364717
1114 0.671426 0.988534
854 0.527698 0.974912
21 0.953965 0.306861
109 0.645919 0.841370
1650 0.381145 0.253346
1619 0.846728 0.299257
223 0.519767 0.834176
834 0.196536 0.181005
1077 0.793203 0.834952
1515 0.538844 0.317163
1455 0.896878 0.500411
1822 0.333384 0.510258
290 0.979046 0.064683
130 0.709201 0.042244
757 0.628500 0.280157
744 0.136713 0.239183
916 0.049131 0.682281
1340 0.617236 0.059766
276 0.497161 0.172252
1128 0.154354 0.537886
1546 0.425284 0.471677
68 0.334072 0.704521
217 0.376701 0.630127
1514 0.322393 0.226510
1186 0.431260 0.625382
646 0.661125 0.099660
1224 0.103630 0.863878
1612 0.416042 0.463427
186 0.181859 0.399248
1187 0.164519 0.282640
1210 0.072741 0.582124
1902 0.658630 0.803322
1841 0.807942 0.943458
501 0.733985 0.348513
713 0.773540 0.687745
663 0.534952 0.264589
1826 0.671448 0.148143
908 0.778203 0.162615
58 0.719774 0.254371
1704 0.591933 0.110467
439 0.684684 0.353051
508 0.920553 0.752068
641 0.508402 0.866727
696 0.129031 0.454364
285 0.212664 0.487188
510 0.180208 0.440548
1255 0.658552 0.112261
219 0.614207 0.040128
1601 0.304475 0.802299
949 0.760017 0.928763
817 0.577403 0.505285
1997 0.700786 0.454697
198 0.981780 0.725178
458 0.825688 0.629280
1590 0.684457 0.749443
1315 0.831228 0.747625
1993 0.468592 0.998974
1127 0.028319 0.614183
1241 0.147107 0.124987
597 0.459138 0.433244
490 0.285678 0.131475
299 0.154388 0.032043
1572 0.157376 0.754512
1784 0.961015 0.589736
1556 0.906128 0.327978
570 0.085275 0.947553
895 0.473107 0.141890
642 0.337678 0.038207
1196 0.500732 0.562480
533 0.952544 0.359889
1705 0.600472 0.104598
1003 0.160881 0.957616
1405 0.203551 0.794074
975 0.015766 0.321509
1456 0.676790 0.555361
225 0.716685 0.145882
22 0.607631 0.444136
1903 0.582365 0.260310
1518 0.835456 0.134673
304 0.301197 0.617151
203 0.260488 0.300429
1859 0.586641 0.812259
579 0.645632 0.450365
213 0.026324 0.920249
1719 0.583956 0.482904
639 0.339398 0.769834
1479 0.919252 0.418304
1317 0.875259 0.109035
1238 0.515468 0.046969
52 0.653776 0.142353
650 0.525040 0.510258
953 0.928307 0.550377
1089 0.416615 0.829615
1044 0.655365 0.250707
26 0.695609 0.439921
84 0.164208 0.561026
1169 0.489874 0.631551
550 0.962584 0.333221
1665 0.632749 0.300830
1160 0.013321 0.502810
1130 0.844003 0.017228
12 0.787876 0.759695
1655 0.855326 0.798817
1057 0.727875 0.358517
914 0.983170 0.770307
1318 0.509115 0.504468
691 0.902595 0.281138
879 0.985434 0.276040
1595 0.413417 0.621572
144 0.735874 0.502861
1922 0.294908 0.097256
1644 0.307649 0.834160
1509 0.318678 0.181373
424 0.370370 0.076227
1268 0.002122 0.998889
970 0.091409 0.203518
1401 0.312266 0.981956
238 0.648860 0.282647
896 0.594695 0.222065
1342 0.115106 0.485445
1871 0.016598 0.941162
1624 0.007905 0.673042
1216 0.984258 0.294987
1994 0.592437 0.791480
1440 0.792767 0.183240
1441 0.119091 0.919951
275 0.945369 0.164752
170 0.785575 0.399695
878 0.936800 0.703423
132 0.717224 0.652240
90 0.396298 0.901081
1314 0.483379 0.406557
30 0.543713 0.839244
1302 0.009038 0.183351
1899 0.951892 0.506696
1218 0.008484 0.820813
1269 0.663729 0.872993
1971 0.248171 0.867610
231 0.056943 0.350614
1121 0.217664 0.263502
348 0.454514 0.852444
461 0.257524 0.624326
1301 0.409586 0.660174
1839 0.653521 0.057504
549 0.836123 0.833047
1603 0.892684 0.383960
1815 0.248145 0.212667
333 0.265834 0.910273
412 0.639329 0.628892
1064 0.773714 0.786741
1419 0.904147 0.186794
126 0.726993 0.942300
1122 0.882227 0.749875
1953 0.180307 0.058431
1030 0.765292 0.344689
31 0.904230 0.248153
705 0.813103 0.670324
697 0.780375 0.508543
1805 0.641381 0.638288
1013 0.795640 0.390063
986 0.642900 0.435561
884 0.103804 0.158403
399 0.729194 0.385421
787 0.052598 0.278062
1235 0.104200 0.408747
123 0.003468 0.483204
981 0.319448 0.353279
1299 0.181405 0.715216
1552 0.915674 0.108531
874 0.788677 0.885346
1863 0.538153 0.355651
1481 0.357746 0.118707
1162 0.810579 0.450366
28 0.668499 0.496511
456 0.650161 0.760765
751 0.794911 0.779901
900 0.471540 0.927087
1694 0.439665 0.040267
265 0.491201 0.564150
1966 0.862472 0.616615
1336 0.984790 0.353224
1651 0.406240 0.984984
396 0.869318 0.999924
1720 0.546928 0.916785
514 0.372951 0.407373
1443 0.300311 0.496101
853 0.398199 0.279826
1915 0.862006 0.300291
1547 0.565991 0.174628
1831 0.729737 0.314087
1862 0.257449 0.004735
1943 0.735329 0.628911
1229 0.619441 0.125664
53 0.877779 0.189589
1968 0.531261 0.567087
146 0.528873 0.982049
54 0.929197 0.752747
876 0.216664 0.802441
1620 0.852390 0.926168
1960 0.659308 0.726200
1679 0.157428 0.192132
844 0.286574 0.679084
1078 0.464698 0.630275
1476 0.467601 0.651280
511 0.761235 0.904798
1593 0.506372 0.656491
257 0.383305 0.947212
1723 0.214369 0.737697
1471 0.217123 0.396488
1464 0.347644 0.335585
1670 0.528942 0.531507
1558 0.625085 0.131248
1046 0.154999 0.667926
1278 0.128155 0.864980
1931 0.107499 0.777442
95 0.018650 0.956983
765 0.061509 0.567166
1604 0.245903 0.926312
297 0.675959 0.407424
598 0.190993 0.249095
397 0.119243 0.644235
1181 0.395855 0.057321
1402 0.530823 0.636476
364 0.403471 0.727638
963 0.268728 0.398268
441 0.471774 0.335426
462 0.548369 0.007295
139 0.942257 0.452009
1795 0.919798 0.169452
1854 0.637571 0.518163
1689 0.447877 0.984102
806 0.170815 0.456748
992 0.146596 0.576610
1984 0.782607 0.429140
935 0.270645 0.845106
1180 0.451905 0.016299
835 0.570709 0.397922
1566 0.213249 0.372943
415 0.150461 0.980382
1962 0.415221 0.341417
425 0.977674 0.764156
813 0.266635 0.065518
1489 0.867787 0.149937
657 0.913655 0.590087
782 0.975988 0.342754
282 0.479143 0.377060
493 0.486508 0.607535
1606 0.489874 0.212645
440 0.178928 0.569183
1998 0.030680 0.240282
630 0.780351 0.806810
145 0.610224 0.906007
944 0.595786 0.694104
1583 0.309386 0.591324
801 0.480980 0.016447
1029 0.064598 0.425506
1954 0.163056 0.045929
1211 0.125241 0.814780
325 0.988928 0.503197
1891 0.229196 0.622823
1005 0.643483 0.080999
862 0.566645 0.729209
57 0.697059 0.087135
746 0.636558 0.689669
211 0.541548 0.667933
1007 0.069862 0.030444
1835 0.109665 0.331044
1341 0.445106 0.201142
829 0.766818 0.720698
1737 0.327575 0.521758
695 0.887416 0.215547
1629 0.505252 0.718328
1501 0.615295 0.500193
221 0.894833 0.603907
775 0.031187 0.887485
375 0.467798 0.108074
1797 0.237585 0.246117
506 0.670153 0.522903
1908 0.447784 0.504827
1913 0.630608 0.931953
1167 0.321719 0.364376
629 0.859252 0.369040
1215 0.695448 0.555715
303 0.949843 0.377461
1049 0.101518 0.093391
764 0.650852 0.582865
1930 0.945152 0.123395
1883 0.481109 0.823762
1070 0.272417 0.796272
678 0.767316 0.988430
1855 0.594477 0.758270
1569 0.164280 0.758935
420 0.060626 0.684869
1544 0.742811 0.783657
1051 0.177132 0.090243
1756 0.739200 0.431760
1252 0.906566 0.440762
881 0.043285 0.340768
1290 0.055164 0.347418
1861 0.482162 0.080003
818 0.345761 0.024576
1996 0.209659 0.242742
1038 0.288530 0.115284
871 0.203628 0.755681
407 0.737018 0.154276
1677 0.280779 0.136065
1289 0.470594 0.850811
1109 0.817674 0.481361
856 0.079122 0.726760
1897 0.331108 0.478847
812 0.896921 0.629861
892 0.641421 0.692235
346 0.429369 0.359897
1203 0.386223 0.676389
55 0.291369 0.744497
659 0.629824 0.234975
1093 0.131758 0.112385
398 0.493387 0.811802
1163 0.844470 0.892544
1415 0.902212 0.275911
13 0.646958 0.227025
1198 0.737191 0.597978
1052 0.925237 0.532345
1769 0.811676 0.282344
1036 0.742453 0.711794
1085 0.202021 0.417082
1798 0.285689 0.941763
1987 0.325115 0.808006
70 0.562209 0.788094
1223 0.886263 0.731960
1028 0.915397 0.064408
1817 0.057117 0.299481
331 0.602680 0.708960
1961 0.335876 0.052236
106 0.849685 0.155205
154 0.128664 0.165524
672 0.524281 0.728879
964 0.782888 0.333762
237 0.581559 0.259779
312 0.854354 0.659251
750 0.199873 0.843875
1307 0.133801 0.513353
1321 0.975385 0.616760
807 0.023746 0.304052
122 0.626795 0.330362
535 0.900307 0.217364
1951 0.158857 0.968733
747 0.218670 0.934078
1920 0.535992 0.896860
1635 0.525015 0.141770
1517 0.993052 0.425972
643 0.893825 0.603781
176 0.284214 0.986843
474 0.985219 0.994953
481 0.275140 0.190337
133 0.420361 0.213402
1017 0.339460 0.718817
302 0.378272 0.404111
1956 0.628734 0.387932
1744 0.627575 0.636532
518 0.003892 0.536359
289 0.715337 0.882259
1027 0.905508 0.037502
890 0.920068 0.630551
893 0.032444 0.146468
1080 0.305824 0.128504
350 0.855707 0.579978
1014 0.360574 0.748980
1437 0.553697 0.757487
883 0.313178 0.033878
762 0.437035 0.710158
1596 0.587606 0.476268
620 0.488528 0.645182
1524 0.139405 0.226628
1010 0.550991 0.577084
1669 0.689644 0.922267
737 0.040205 0.100758
626 0.544771 0.455679
865 0.831719 0.069223
1394 0.602475 0.493940
619 0.490461 0.217548
1710 0.752291 0.435679
1324 0.170137 0.024699
1485 0.638375 0.819425
388 0.138427 0.723106
759 0.530294 0.447994
1287 0.695341 0.418382
1978 0.930963 0.774058
1964 0.156960 0.220462
1843 0.801321 0.790413
898 0.212086 0.225357
917 0.022795 0.954578
1498 0.280478 0.079984
1659 0.582062 0.171618
1890 0.070323 0.844354
988 0.908403 0.849597
1348 0.914179 0.722088
577 0.683379 0.185551
1709 0.011995 0.412168
1034 0.621608 0.718092
400 0.376216 0.654416
821 0.375018 0.625855
339 0.531828 0.573884
356 0.344428 0.566228
1438 0.401332 0.528259
