0.711361735 0.299097086
0.509356774 0.923556106
0.672010320 0.432537867
0.833108142 0.761245335
0.572405685 0.420670457
0.881425378 0.461707940
0.974111348 0.926624513
0.184339630 0.729048357
0.099230864 0.638913604
0.037043364 0.971536804
0.698715580 0.426125281
0.774194855 0.292778751
0.786077943 0.600716759
0.485445286 0.967656735
0.608194131 0.487969635
0.436281603 0.570683731
0.892106839 0.062949507
0.168880380 0.324284770
0.340491609 0.488742177
0.417078406 0.448728312
0.547131681 0.279289613
0.204794049 0.572686032
0.346456707 0.378079955
0.769022521 0.686265291
0.000805490 0.118646017
0.009158840 0.448185228
0.830420122 0.558695984
0.832822152 0.488150743
0.498319423 0.385945359
0.624299626 0.710721814
0.928690662 0.629243731
0.020404649 0.067219085
0.420588888 0.860090779
0.364769909 0.584848925
0.548326359 0.425269888
0.016787957 0.537188506
0.516413235 0.268265644
0.578632417 0.169709143
0.231557984 0.202216302
0.725600155 0.211163215
0.201599398 0.675855238
0.137258530 0.812609100
0.992145273 0.021219867
0.812241812 0.749113693
0.030365900 0.221482650
0.345130969 0.899688710
0.695263603 0.330466630
0.888450843 0.163107569
0.897425644 0.686679581
0.146111473 0.393340295
0.758164129 0.201737418
0.535275640 0.462223476
0.399160748 0.167968509
0.199742492 0.503550257
0.998619110 0.021790256
0.618901247 0.840345311
0.134603716 0.517346504
0.075411650 0.896695260
0.397768209 0.669091760
0.340820823 0.945339006
0.455677270 0.248350079
0.992090367 0.776974455
0.529363334 0.744936604
0.074590502 0.424836582
0.161291426 0.249884035
0.388129740 0.779725837
0.220047095 0.163546988
0.239428002 0.926158560
0.340616385 0.053211627
0.971296117 0.519502742
0.701740375 0.186910720
0.796052818 0.607868414
0.080210482 0.162579744
0.652935550 0.386545688
0.015397687 0.735222827
0.002577644 0.472164423
0.088568978 0.910406071
0.128576603 0.018374607
0.599458184 0.727529573
0.440116126 0.474948446
0.502059398 0.639872727
0.080695283 0.002447346
0.154504444 0.043365579
0.408349743 0.783371383
0.163482240 0.540261270
0.298385401 0.298045180
0.514502649 0.747915356
0.867963727 0.095334650
0.336180597 0.841612830
0.659139266 0.121057625
0.247442581 0.704928544
0.429580424 0.559433293
0.058533884 0.648438124
0.193534763 0.468660435
0.026595347 0.476571228
0.239461797 0.175015853
0.612181022 0.023672324
0.597555196 0.307359947
0.539576785 0.626229120
0.794339758 0.535509397
0.964004967 0.253964724
0.771545584 0.042127566
0.009946712 0.784287307
0.906057194 0.930057719
0.637177824 0.200692978
0.429829814 0.464820578
0.270302856 0.817861701
0.955494989 0.604347908
0.893087870 0.926919969
0.106964716 0.005195118
0.915964978 0.259060742
0.119691897 0.257119606
0.977397453 0.242503537
0.438686201 0.470777997
0.072454575 0.951342312
0.324793511 0.737037624
0.272171026 0.399785093
0.057916118 0.449401838
0.948879568 0.442148371
0.413595878 0.670750130
0.479321041 0.025896854
0.808600816 0.033344022
0.622252407 0.182341043
0.220603128 0.365877937
0.090810793 0.792859000
0.172715295 0.241128053
0.392318895 0.112172790
0.129215870 0.038000083
0.703096718 0.946391813
0.754858912 0.733098543
0.084113251 0.420459504
0.963471786 0.743143355
0.870983662 0.069737670
0.575761175 0.302909109
0.251144792 0.801713866
0.530175154 0.584033846
0.303723801 0.174184270
0.010677059 0.063232551
0.658316860 0.706265626
0.684616264 0.620088758
0.159030250 0.168718951
0.528855414 0.786028825
0.683175080 0.317585241
0.341075008 0.398843793
0.358642760 0.905772066
0.054863234 0.343477173
0.853382845 0.336105881
0.040834072 0.320567478
0.257795979 0.329320842
0.138185096 0.862155363
0.907177488 0.978643863
0.198667179 0.037106967
0.339096069 0.869987088
0.481151671 0.036764826
0.220438861 0.627836464
0.886715178 0.087742837
0.301544761 0.180432754
0.301196265 0.833339027
0.375860006 0.976358808
0.958252958 0.221350439
0.613823343 0.187168293
0.608483111 0.245245964
0.904929169 0.079281556
0.872717636 0.088187533
0.293908609 0.234778689
0.857533726 0.320519698
0.602728430 0.233457852
0.868908870 0.636108549
0.662796834 0.881159494
0.085507707 0.154123668
0.776433186 0.751554146
0.105078364 0.177184909
0.938211149 0.463491606
0.454546668 0.216444472
0.635225393 0.203396478
0.065318376 0.369447840
0.329606835 0.320727526
0.273085948 0.888658783
0.911741020 0.393060688
0.547307399 0.249989714
0.677118096 0.497963120
0.568345947 0.418140074
0.184293859 0.715463743
0.481193415 0.483694362
0.437055979 0.700640978
0.502902156 0.506888555
0.675352163 0.494955326
0.580267649 0.255345840
0.216568166 0.334060704
0.607133511 0.751790033
0.837804235 0.229737512
0.962051791 0.715097491
0.549730193 0.623114025
0.716596856 0.622520719
0.443088630 0.680489318
0.653716710 0.562360383
0.002666140 0.067292478
0.766901879 0.381079929
0.741245919 0.941509661
0.587644756 0.290372505
0.955417802 0.268987572
0.801550142 0.611385565
0.766167664 0.299183240
0.013814450 0.419543260
0.574484045 0.200337225
0.768257042 0.013279127
0.831913833 0.288663649
0.214008770 0.166084044
0.402277970 0.514064738
0.404447050 0.615253913
0.416793226 0.255135227
0.755103234 0.135674100
0.740087353 0.727785820
0.819510608 0.129449884
0.886896095 0.937960883
0.402547013 0.784763112
0.223539665 0.773607790
0.237680830 0.934176041
0.940215714 0.455819470
0.477247348 0.550428510
0.229158920 0.406219933
0.844957603 0.214271807
0.114329903 0.456964016
0.381011081 0.064586107
0.697421184 0.931411813
0.536344567 0.311580954
0.632568862 0.160079753
0.295631639 0.699074011
0.165656178 0.595043136
0.976782798 0.497381687
0.712727160 0.857776083
0.563087937 0.896606940
0.016825681 0.871685076
0.063885656 0.786548972
0.046438590 0.462035868
0.841236793 0.358980489
0.584434312 0.093890673
0.640325307 0.420295252
0.860522673 0.086256357
0.732305168 0.027842006
0.064519487 0.994308255
0.662085936 0.165609084
0.404961452 0.221610990
0.091438969 0.765740940
0.542142913 0.943833432
0.609512734 0.511099217
0.852808524 0.694359272
0.848664362 0.549948159
0.918878098 0.382017944
0.455873232 0.854751119
0.442783956 0.976724227
0.135253673 0.178928718
0.120409683 0.400198989
0.387321304 0.100159830
0.253788209 0.805017975
0.499287562 0.566626433
0.813802792 0.549449532
0.500790198 0.933567094
0.771876624 0.762474243
0.070658705 0.846062937
0.308881217 0.254980224
0.937152546 0.539067934
0.240365448 0.484211537
0.966262638 0.841453888
0.683895222 0.752868989
0.688759727 0.017193129
0.866572436 0.937624488
0.148573119 0.263647562
0.937472788 0.153776209
0.048993718 0.551141156
0.986800252 0.117747669
0.120155002 0.523044324
0.737947273 0.427033575
0.035933335 0.042943020
0.931420810 0.883945093
0.188334031 0.628852384
0.067271400 0.027182235
0.949716757 0.897844474
0.393937556 0.214438364
0.631844699 0.489789555
0.188109174 0.689332705
0.881747723 0.270742049
0.029155448 0.688356093
0.085573840 0.299863103
0.266362350 0.356801219
0.005503550 0.950955461
0.512917237 0.622071498
0.510750508 0.111652127
0.190131435 0.105085723
0.593982285 0.150640935
0.837535916 0.365280965
0.186692487 0.258082169
0.077340022 0.368933705
0.626429195 0.174073615
0.707901479 0.006520182
0.365675356 0.153673596
0.764745477 0.094065100
0.765270986 0.815446779
0.171126825 0.778679631
0.387685966 0.508861709
0.661731386 0.933352844
0.097527572 0.373827786
0.450088305 0.094182594
0.184790633 0.033978442
0.064434643 0.163797877
0.075934152 0.254098308
0.756736574 0.655578022
0.093626715 0.661159684
0.331379883 0.531419072
0.691182660 0.761284059
0.550990269 0.712682939
0.058849889 0.132534552
0.624441784 0.239801512
0.277247617 0.326042388
0.388379928 0.047058432
0.952094819 0.919189820
0.732624729 0.154521387
0.015521308 0.230610872
0.773696171 0.751683855
0.360746823 0.761004393
0.164709510 0.526935538
0.585799622 0.180952584
0.598628619 0.916447574
0.601544328 0.404133384
0.732421618 0.785860617
0.624536365 0.294128265
0.570782435 0.865940776
0.979423673 0.081120307
0.509590962 0.072901146
0.746186530 0.300174946
0.673202736 0.453573087
0.149770807 0.334463457
0.053465230 0.471094443
0.136845753 0.003130864
0.593320983 0.488712569
0.107363737 0.341278440
0.268884443 0.739427207
0.144137790 0.090283945
0.445421515 0.613672408
0.389446090 0.456941441
0.730718078 0.005972878
0.387474553 0.816410941
0.853218219 0.829758289
0.052823560 0.297885802
0.432333320 0.258523385
0.803955413 0.132649930
0.441905637 0.560554397
0.128564417 0.550756144
0.363816561 0.197683388
0.847291920 0.179772289
0.478486441 0.217011088
0.062828094 0.406082534
0.251557213 0.137670937
0.144428615 0.952078688
0.115176750 0.566322738
0.197459717 0.962031048
0.765519991 0.086517399
0.754392879 0.383667977
0.963179393 0.929913738
0.966374246 0.852298012
0.081659665 0.172145179
0.669730220 0.098671900
0.398610591 0.723184186
0.741731499 0.221181902
0.795369152 0.394297117
0.155503422 0.473409266
0.922520679 0.279669493
0.003364223 0.188506125
0.426039849 0.697871773
0.449775465 0.224100146
0.473488250 0.707564349
0.920104038 0.072901051
0.586285843 0.771117765
0.595792157 0.200249066
0.071087013 0.941627603
0.004960858 0.296294527
0.445570333 0.382569090
0.056720650 0.759098316
0.979695190 0.302152724
0.174741775 0.429981494
0.444490982 0.789629247
0.597433920 0.360950894
0.247172420 0.367112331
0.446266118 0.397199842
0.718626463 0.375644133
0.333544931 0.577115085
0.030817587 0.076286502
0.720312384 0.224724520
0.272522527 0.904763360
0.567200262 0.634158235
0.611812314 0.390199793
0.787238975 0.770802556
0.042566552 0.650683017
0.384632632 0.723707462
0.952171569 0.370284144
0.739034924 0.979757109
0.983499025 0.269409055
0.176771168 0.322103202
0.296905028 0.694138242
0.346921870 0.462260068
0.159876437 0.035718425
0.120796886 0.741029927
0.122312129 0.238319684
0.198083673 0.159048162
0.433535455 0.653894081
0.018147412 0.200148454
0.898593434 0.528121694
0.201024688 0.135484513
0.355720577 0.224667799
0.612588691 0.242007194
0.399454788 0.547075147
0.743312505 0.349729245
0.574537038 0.442733196
0.074863154 0.074862169
0.539695950 0.622010698
0.499872922 0.473347340
0.986914491 0.200380116
0.885686469 0.893822156
0.617737959 0.765394390
0.533539923 0.158430434
0.104599257 0.734370332
0.652176644 0.212046553
0.595956073 0.160788390
0.840545712 0.834463913
0.599163937 0.076721095
0.705384159 0.388178941
0.603500402 0.460932121
0.313269594 0.471529794
0.601791991 0.675736427
0.230218052 0.786736000
0.382602777 0.571875932
0.092358789 0.471837895
0.719676079 0.359589552
0.123830484 0.190284875
0.277443110 0.001143731
0.704668201 0.914522496
0.674580415 0.803962433
0.527650258 0.469200173
0.260763771 0.431307917
0.755338136 0.991752005
0.806000648 0.613666226
0.371124090 0.853437419
0.788691481 0.190186887
0.566938260 0.027745690
0.404463126 0.037556979
0.717912829 0.580837541
0.852447184 0.687424569
0.042412300 0.472718671
0.762903467 0.125657656
0.462893838 0.672014766
0.094954332 0.881029459
0.928038332 0.742008372
0.082533944 0.461433155
0.871261754 0.119848318
0.215443765 0.667937064
0.056145909 0.068781504
0.627459509 0.214912171
0.232825661 0.098966541
0.037641897 0.637269642
0.855506737 0.200628180
0.429982129 0.711468495
0.536206766 0.180830594
0.100999247 0.030363809
0.790721590 0.126884127
0.125218123 0.562542038
0.963597581 0.992153702
0.021513111 0.166379806
0.911672028 0.228724909
0.530664652 0.688057095
0.153600986 0.760229476
0.605101396 0.047026213
0.177088959 0.855350106
0.461547598 0.500976186
0.345284075 0.594265918
0.430947354 0.040072475
0.358798932 0.192737694
0.579788180 0.528342741
0.450164259 0.444390211
0.533237231 0.902462057
0.212709853 0.398552333
0.626773362 0.340985010
0.066580380 0.917409506
0.524176631 0.561490968
0.279880651 0.345179721
0.554436173 0.998427880
0.382961189 0.517818388
0.814325472 0.998877590
0.654081670 0.777858638
0.257445710 0.679254086
0.247583558 0.139069216
0.342815110 0.257490848
0.499339800 0.950900825
0.490264623 0.394888877
0.764918034 0.538449077
0.701589566 0.278394822
0.518313883 0.611786801
0.467210547 0.766412033
0.282107117 0.880868762
0.762835458 0.395497759
0.004035765 0.196586131
0.645374118 0.717427517
0.375176673 0.344354247
0.702400334 0.213828075
0.188921577 0.608394578
0.634570420 0.677648629
0.218947920 0.890545405
0.253499108 0.007506451
0.416896087 0.235269052
0.176820939 0.781829630
0.009956479 0.254266148
0.436504926 0.333921034
0.445254753 0.435706109
0.259568933 0.496211502
0.351320431 0.630287388
0.299006206 0.723238700
0.615484628 0.398979782
0.357582740 0.471560024
0.118651490 0.211440392
0.227019436 0.948628856
0.454450444 0.787376318
0.015198502 0.491987130
0.720815594 0.921689259
0.588361907 0.288059987
0.328628540 0.387716816
0.008735843 0.658418407
0.286117113 0.230216452
0.497680919 0.892260062
0.014375123 0.236407580
0.477214667 0.344526952
0.860467580 0.024928212
0.471578672 0.699455595
0.337026164 0.021902730
0.150659528 0.170240294
0.115829599 0.019693566
0.851109560 0.956256726
0.211099796 0.119324268
0.124786459 0.417157530
0.846970161 0.533680625
0.526516308 0.440024804
0.157826379 0.665363128
0.951825516 0.245763480
0.715571768 0.792769598
0.939653575 0.002199856
0.498642981 0.250607232
0.765470003 0.411795016
0.042936684 0.434965678
0.904637318 0.293592763
0.448578651 0.729059449
0.662083870 0.307661951
0.135833696 0.702826703
0.110199073 0.868544586
0.266653746 0.644018818
0.026649623 0.218699541
0.446535536 0.034050476
0.490069417 0.428162989
0.279952777 0.491442848
0.602535754 0.540712504
0.190865000 0.229985837
0.717396309 0.216198694
0.069316374 0.681554581
0.919009533 0.462759436
0.105036459 0.370415982
0.123597640 0.741119982
0.906875139 0.776947122
0.356121741 0.027627447
0.346360013 0.284260664
0.690305994 0.388741456
0.648062045 0.983327887
0.227631749 0.419898426
0.676108373 0.694142626
0.632267738 0.151369692
0.908831587 0.939460081
0.487249341 0.884992802
0.730333640 0.964219609
0.514246720 0.617195483
0.951133810 0.201791425
0.621257163 0.938934822
0.827121542 0.968157373
0.505241141 0.318896539
0.967028764 0.685985985
0.555321312 0.386612315
0.983246828 0.216378169
0.264653219 0.686305378
0.067810706 0.735182941
0.767877762 0.818054447
0.160988622 0.979830798
0.181514606 0.187129196
0.629851542 0.787185062
0.255941475 0.812976026
0.767629644 0.624515071
0.488023675 0.210184892
0.368135926 0.729613353
0.398428583 0.232622656
0.553190131 0.992111531
0.806769289 0.171419826
0.723335304 0.421475122
0.247593543 0.560193161
0.743317105 0.225280682
0.638434031 0.377818324
0.506433130 0.619389831
0.574273626 0.448343473
0.953883824 0.733878202
0.731656595 0.222702447
0.637189058 0.206042450
0.121019837 0.845112282
0.585885920 0.094308039
0.180719150 0.479865356
0.344238657 0.178202729
0.557337018 0.077535600
0.126688684 0.663458703
0.715155570 0.071643626
0.965452011 0.988052836
0.055945743 0.934669333
0.714577565 0.406253712
0.184797631 0.161946903
0.406643392 0.606323323
0.415656801 0.768903351
0.210213837 0.725850375
0.710340864 0.400947881
0.248722169 0.363797339
0.169599041 0.348699717
0.845323612 0.055743604
0.509896183 0.404100526
0.659466240 0.478730751
0.756341457 0.855836557
0.481714002 0.730272981
0.998390440 0.127256656
0.601499296 0.954862312
0.385359327 0.298929148
0.115763575 0.996358618
0.054934816 0.411149999
0.089494829 0.636892961
0.970159031 0.135925263
0.145684268 0.287467456
0.202673438 0.735437154
0.926824201 0.403894802
0.241934498 0.378284101
0.776092914 0.708470570
0.117401876 0.682414992
0.809699316 0.641949959
0.145535655 0.358064692
0.369278340 0.332188941
0.327427531 0.494010861
0.571028393 0.707680057
0.513707113 0.750195056
0.027276916 0.382180730
0.035872009 0.038906330
0.748797837 0.123619621
0.161040253 0.916925195
0.381823498 0.768861699
0.525181374 0.186619323
0.339132063 0.874074582
0.168491623 0.535923351
0.697398683 0.627292492
0.508109441 0.844237895
0.200680976 0.815433105
0.727480661 0.449767551
0.774412496 0.850414072
0.243033854 0.411061212
0.887779464 0.640788134
0.693723163 0.782206641
0.595869556 0.006561592
0.113774353 0.625761236
0.693192171 0.325584496
0.975470033 0.424646675
0.984981617 0.892622144
0.821893718 0.380108240
0.620804908 0.056357730
0.552640501 0.929338816
0.487393107 0.108768209
0.134500999 0.359813117
0.761287811 0.945361755
0.549611267 0.646752118
0.438101243 0.787408760
0.565369381 0.588520606
0.318613996 0.023498460
0.926401235 0.868457670
0.675456920 0.698508147
0.288223801 0.771601651
0.815853455 0.417289760
0.294591611 0.263511111
0.487708001 0.221082155
0.386610216 0.324074955
0.906156019 0.761009016
0.364389636 0.421024006
0.409124055 0.902934403
0.746374862 0.871818952
0.233190689 0.712719786
0.649708520 0.329694875
0.857550516 0.113829880
0.709752742 0.785465993
0.503628983 0.011049831
0.277576064 0.055055746
0.860898379 0.868424439
0.996927933 0.090426189
0.230873092 0.283614074
0.528085874 0.821221295
0.480742615 0.907793095
0.071037334 0.473870576
0.666611090 0.233211884
0.350868993 0.769298891
0.511600313 0.492727708
0.803220444 0.635277941
0.041313678 0.671688663
0.138632796 0.802459604
0.282177480 0.320450148
0.703040712 0.924778054
0.153809433 0.559026414
0.539531395 0.939167607
0.758083275 0.139056701
0.786473361 0.988874984
0.474358354 0.554269906
0.210135353 0.008259801
0.815805820 0.168170816
0.790944532 0.054448191
0.606085839 0.857602104
0.913416769 0.314145163
0.496742201 0.729342864
0.453634419 0.037355966
0.060999248 0.453061332
0.038144271 0.901639604
0.667613021 0.478516499
0.269231131 0.119357388
0.166790619 0.110813439
0.966173466 0.023651298
0.246065122 0.194149384
0.290318858 0.061358465
0.533797493 0.785520288
0.139742859 0.307156326
0.724253048 0.371919218
0.417516008 0.740023436
0.379725507 0.161445739
0.435831577 0.456275725
0.661423529 0.601703175
0.122651934 0.879527168
0.729391162 0.170847158
0.715937187 0.027617190
0.943245870 0.946867203
0.232962148 0.725567413
0.068820621 0.040752818
0.367683643 0.608045933
0.285528275 0.716235818
0.160837639 0.819606199
0.882181895 0.751987981
0.336152135 0.353901032
0.483889623 0.026217993
0.802913906 0.131706933
0.986521860 0.450103597
0.957826651 0.918648012
0.927710155 0.277528704
0.793495563 0.000508012
0.657739960 0.071918296
0.616375846 0.014595412
0.319932672 0.239714576
0.697334775 0.351532324
0.763224478 0.043461459
0.535759644 0.175435934
0.242903924 0.305223937
0.116590636 0.122012258
0.938080633 0.137235442
0.208250844 0.562476684
0.233545227 0.661933156
0.226417828 0.195903618
0.003789402 0.517093600
0.769940658 0.420580705
0.238225686 0.886231604
0.011348720 0.144871526
0.222066545 0.118683196
0.216132129 0.165780992
0.458590222 0.992435913
0.707311869 0.091980285
0.111165316 0.266195050
0.339382051 0.395184580
0.428753101 0.222648458
0.032699020 0.989039368
0.704518715 0.725251244
0.272281645 0.396989963
0.488018860 0.212041108
0.277577683 0.054593366
0.009903255 0.792545288
0.694935824 0.899260723
0.808725160 0.116054274
0.447779337 0.812593081
0.856918269 0.143755354
0.919943157 0.302194239
0.051126938 0.571862082
0.305545455 0.162459874
0.633138251 0.178579265
0.897941014 0.632926542
0.808409751 0.553327940
0.864218525 0.404680820
0.768485905 0.057297071
0.531302334 0.190704023
0.283128675 0.300224492
0.683425307 0.561838132
0.453183140 0.769398256
0.215313833 0.682330510
0.149128992 0.073236146
0.300403204 0.755642976
0.759399464 0.174078281
0.650212992 0.056398248
0.846880625 0.973647542
0.131719917 0.706028658
0.289733538 0.774008730
0.739824703 0.133882731
0.418600933 0.162780040
0.877752677 0.566815395
0.230214209 0.812380879
0.615596247 0.172306894
0.960428459 0.538951126
0.907382550 0.843026916
0.875894453 0.288763016
0.281986405 0.074801708
0.965644692 0.564796771
0.987465399 0.299428026
0.059797699 0.382269960
0.480287936 0.148714459
0.106160258 0.560195923
0.050615962 0.639238138
0.199493274 0.269802840
0.366001370 0.333262290
0.648839222 0.412370185
0.394098254 0.830728424
0.984878451 0.244425650
0.355644298 0.202259574
0.180208739 0.974230097
0.253349252 0.367706566
0.366761956 0.948479540
0.287731358 0.276637491
0.183729634 0.693530245
0.919320734 0.525906261
0.543954457 0.920891934
0.375284872 0.252192151
0.160743857 0.336924726
0.091237665 0.115195638
0.565012758 0.614484097
0.301064603 0.837411840
0.447859050 0.747738900
0.231868810 0.163990679
0.081708106 0.264770185
0.624494251 0.946391882
0.512531111 0.857740231
0.492584970 0.728543400
0.946801236 0.626808845
0.533232100 0.078410418
0.888999743 0.653574493
0.523515742 0.863749022
0.600821022 0.271474932
0.117632953 0.759195412
0.135939666 0.181310373
0.662113106 0.031289951
0.306363464 0.841238162
0.302509976 0.708453718
0.814273630 0.789361675
0.800430778 0.625374810
0.163185330 0.176565401
0.707252742 0.396858833
0.608367621 0.633862748
0.170475006 0.096173108
0.049614732 0.685528085
0.630171223 0.862442163
0.945001807 0.225804200
0.622152442 0.930103565
0.579932578 0.663391150
0.637300995 0.820408434
0.258423015 0.380989322
0.513675626 0.294379064
0.034528364 0.894762168
0.273961423 0.643714577
0.521455767 0.786342730
0.722814034 0.519821347
0.669512560 0.054520788
0.437752292 0.319003317
0.627114755 0.609750279
0.854233136 0.988082736
0.382065335 0.237509761
0.182580971 0.217385731
0.445806381 0.214771548
0.910519172 0.722506432
0.980318819 0.428069942
0.269673367 0.182779072
0.005380633 0.697631653
0.011164700 0.913128981
0.105941319 0.748023034
0.586222853 0.742588760
0.564245288 0.929525590
0.746684583 0.387698256
0.270682552 0.230450662
0.915176628 0.239232060
0.896319451 0.956901762
0.958847153 0.194308353
0.724699745 0.569695115
0.657701747 0.375442060
0.605972185 0.419677551
0.404544514 0.075025570
0.378112386 0.750803780
0.579968639 0.571166006
0.143825835 0.226726993
0.331160864 0.797878709
0.024510959 0.144717262
0.708240106 0.813980415
0.809010102 0.113403361
0.879632501 0.994592218
0.137581483 0.010920921
0.810118971 0.289698039
0.059500428 0.406424504
0.697147109 0.903236798
0.949167961 0.861344464
0.670696273 0.178063240
0.414362170 0.913856046
0.922144410 0.626441919
0.605102493 0.000140904
0.765846249 0.369322473
0.454445865 0.610010702
0.735952201 0.938887520
0.825607936 0.207596507
0.547753296 0.047009572
0.209412656 0.985476208
0.611312185 0.818289818
0.342525810 0.030008505
0.024564540 0.278597945
0.869234138 0.638673570
0.236687909 0.551619073
0.448338345 0.090683205
0.276734283 0.831681127
0.954966031 0.852763133
0.846891217 0.859796583
0.635034190 0.706347074
0.789485378 0.818592511
0.831295053 0.467312266
0.030636722 0.923900274
0.927826147 0.759605965
0.515904090 0.319590936
0.633880587 0.992916274
0.240333476 0.173441525
0.877098390 0.608090390
0.822505453 0.672970834
0.244493787 0.045471054
0.398928455 0.881644246
0.836694370 0.316905275
0.859098969 0.803630314
0.668059896 0.921339543
0.571253628 0.274776528
0.122362741 0.707126628
0.005595644 0.639392983
0.300609324 0.453198858
0.609147048 0.039714416
0.535326291 0.079412907
0.675819817 0.159698817
0.250134094 0.501809638
0.888716977 0.933106445
0.379557670 0.165864797
0.030475802 0.610471306
0.168440717 0.520549863
0.129960658 0.901478865
0.424405095 0.178621675
0.472920892 0.816483190
0.232480451 0.518885715
0.114318957 0.755672519
0.635900083 0.557248226
0.672735392 0.267118957
0.144844641 0.090882658
0.879359867 0.401904983
0.104548562 0.597302916
0.676786191 0.760293102
0.585754083 0.323858760
0.218100383 0.775649409
0.965950913 0.156171407
0.639319538 0.390305804
0.532713319 0.076359420
0.832312842 0.819742726
0.263397755 0.164834731
0.120718071 0.945075104
0.587256337 0.373613579
0.143830027 0.578525421
0.066590559 0.110041833
0.452793784 0.530666114
0.115696542 0.369056848
0.023474692 0.898283959
0.066473999 0.667046622
0.017883728 0.740176131
0.003021313 0.582887778
0.014816061 0.813704081
0.726382969 0.248014651
0.155993003 0.628404034
0.942305404 0.254502561
0.442680634 0.045312856
0.567618120 0.945864099
0.270838560 0.037901262
0.651237362 0.542689302
0.319277268 0.477326066
0.362443489 0.043007212
0.794856092 0.739009331
0.251388368 0.474023810
0.220296851 0.789304757
0.718590133 0.454521815
0.869157139 0.509174652
0.558108352 0.698050322
0.823495636 0.921026924
0.799201807 0.819221975
0.089415545 0.854241036
0.518300673 0.120079275
0.660669598 0.003932686
0.070765264 0.691866955
0.917132090 0.033550244
0.600833824 0.792597054
0.777328926 0.282763218
0.984435148 0.193288895
0.011222067 0.831808392
0.877656674 0.571111221
0.511049157 0.137328427
0.360699431 0.175407727
0.427389488 0.741374200
0.463374796 0.895931273
0.277774875 0.072901096
0.170503539 0.643607499
0.305580449 0.674754805
0.968280455 0.213542957
0.647712268 0.093178059
0.224029758 0.969676234
0.170235049 0.910696162
0.909698700 0.298469644
0.115321658 0.069383820
0.953501777 0.408865939
0.729820002 0.816153172
0.163155573 0.227000395
0.067556229 0.335304908
0.382652251 0.113265911
0.437323669 0.817149806
0.927501380 0.904548280
0.619084788 0.907742852
0.308936380 0.737392273
0.625428202 0.819058778
0.129635988 0.134834810
0.630542653 0.338342021
0.235094314 0.767660682
0.416158847 0.103866043
0.427693971 0.273868754
0.363639982 0.289725527
0.770533506 0.560395087
0.013858281 0.662214544
0.650419440 0.079818931
0.371864285 0.818981043
0.839066093 0.097253109
0.804956339 0.805137172
0.981622688 0.601348544
0.052026924 0.280198013
0.397286931 0.235652312
0.908439785 0.545655583
0.456698585 0.502295732
0.763156878 0.936980933
0.303216564 0.022657498
0.634849587 0.663887210
0.683155900 0.102469483
0.448411914 0.828434043
0.378936053 0.131846325
0.012280656 0.188219127
0.175601682 0.072127441
0.010532791 0.412261322
0.174426819 0.054293502
0.095343695 0.108799985
0.640456451 0.358991617
0.315002293 0.520360628
0.914863634 0.719533480
0.284308709 0.445603457
0.446008485 0.321950219
0.001412764 0.336792324
0.786465825 0.726775266
0.070773110 0.354035497
0.613319686 0.097532614
0.345537990 0.321499580
0.713567429 0.085836056
0.611690831 0.539914088
0.386205526 0.642964849
0.223540048 0.280740305
0.032085592 0.645848812
0.927553822 0.763981269
0.625275675 0.081144530
0.213495243 0.180343603
0.200273798 0.592405780
0.925842296 0.602362173
0.987946648 0.867596533
0.592880762 0.035621239
0.001293849 0.197585818
0.385891146 0.474443538
0.666782238 0.065457304
0.115332309 0.603336490
0.751319361 0.847688526
0.665805076 0.973916916
0.782526615 0.007635511
0.781072067 0.808541966
0.382085066 0.348609298
0.897653275 0.833028732
0.874635790 0.849241377
0.460777072 0.279321687
0.645362961 0.595907461
0.002975713 0.838342847
0.733952670 0.976507982
0.061689911 0.255859254
0.138934520 0.609386206
0.453277176 0.967180432
0.047098051 0.325578742
0.957776738 0.780967018
0.011376092 0.092761788
0.596496452 0.216707528
0.237766911 0.015683849
0.417412149 0.355888024
0.175858776 0.387109290
0.432508402 0.639099286
0.893885986 0.276148339
0.183205000 0.513320850
0.566146821 0.750499799
0.171903225 0.993040302
0.064780881 0.899626084
0.238696433 0.333748618
0.964471187 0.050346526
0.209795477 0.868310859
0.116974428 0.495796369
0.257406305 0.908119653
0.358303427 0.983002078
0.522743156 0.767647953
0.225035232 0.144359542
0.976780502 0.310448249
0.545486795 0.594340322
0.756271409 0.281090772
0.017005704 0.981775810
0.799875772 0.395221087
0.639163655 0.979253350
0.570879634 0.077621191
0.273030888 0.634088176
0.026873356 0.933555660
0.620298231 0.798069788
0.063460022 0.226045622
0.748743125 0.563151080
0.859281229 0.968993684
0.703574793 0.517456760
0.560226606 0.081794948
0.321800285 0.318622694
0.503300018 0.951533967
0.068618750 0.558135861
0.761124214 0.292619403
0.958035646 0.976885652
0.837513460 0.318370970
0.364448399 0.683797121
0.254684699 0.182975861
0.452567746 0.902163974
0.064110017 0.296693042
0.587622447 0.635448724
0.748815317 0.606160932
0.794222950 0.856791201
0.618082115 0.467697976
0.959135928 0.807714969
0.606154764 0.333180660
0.299892274 0.023047212
0.288079726 0.651387527
0.155517867 0.401660901
0.471392496 0.628239664
0.686867655 0.837063326
0.201983835 0.818111218
0.310365233 0.313072028
0.689132452 0.905644435
0.262662319 0.544895078
0.553649560 0.835814843
0.442306322 0.569598056
0.912271768 0.001787725
0.184920825 0.403666084
0.763631920 0.614588315
0.975227450 0.780985836
0.740755933 0.803728683
0.159969208 0.612370992
0.823875028 0.830728214
0.225043542 0.329009966
0.667718471 0.749104630
0.173640169 0.589285810
0.357843146 0.446931496
0.197097197 0.726311169
0.608121815 0.237269155
0.138767714 0.974432038
0.179358286 0.838656953
0.613256186 0.701337865
0.287958967 0.433125678
0.752109507 0.558590708
0.870560619 0.532524900
0.705382748 0.103367789
0.810657290 0.114635733
0.686029374 0.052213277
0.568240499 0.618346997
0.736533482 0.749428490
0.234957599 0.224205154
0.708847587 0.567254571
0.523293615 0.191826934
0.966836141 0.570050547
0.274353352 0.307971005
0.918613854 0.258952821
0.112192477 0.913415902
0.802104100 0.992542837
0.523601295 0.991049526
0.186645782 0.653262082
0.297645391 0.339363314
0.215116170 0.252854649
0.497783537 0.388175182
0.348817452 0.915532084
0.354686700 0.511146049
0.284747089 0.087681794
0.243675671 0.828762791
0.571243746 0.124511845
0.072673288 0.885073710
0.645001260 0.092139578
0.395666079 0.845896130
0.196859844 0.245715963
0.736455114 0.525264180
0.482009948 0.766032001
0.838865470 0.031286831
0.618108969 0.470826714
0.236212295 0.016779128
0.191962933 0.612706594
0.209873502 0.442766999
0.722673115 0.403739032
0.021800285 0.308145392
0.975260088 0.573776455
0.338246249 0.180273873
0.405480831 0.202971579
0.512624154 0.942192104
0.285515542 0.708672970
0.740490099 0.087754442
0.683824784 0.369652384
0.812612520 0.756905388
0.392978218 0.942679102
0.636764665 0.854718351
0.329492490 0.130917487
0.223208804 0.892919547
0.413217011 0.137678716
0.173892999 0.036520022
0.833556277 0.990657757
0.192023304 0.618261949
0.392462926 0.068253292
0.459522229 0.858769906
0.780261849 0.352593743
0.281796633 0.168766837
0.015531523 0.672561383
0.312937537 0.238090402
0.227477575 0.660819388
0.168881000 0.695871270
0.571220675 0.143149789
0.147082513 0.866294040
0.743450882 0.648024426
0.108456186 0.172335186
0.502453356 0.648381831
0.510850640 0.129789027
0.323785175 0.244992387
0.927728054 0.283987743
0.307791499 0.617281550
0.219491953 0.161184189
0.103870517 0.805713547
0.509869125 0.081559061
0.752293735 0.963999340
0.907333343 0.835775529
0.652882983 0.449691590
0.414795360 0.221393817
0.804519545 0.664955954
0.015513702 0.623594680
0.926906835 0.791030344
0.632868245 0.490722785
0.174401139 0.316949269
0.097290127 0.682355473
0.975242446 0.538726332
0.204859311 0.271755052
0.229846874 0.406749089
0.188070442 0.727194287
0.111750045 0.477013857
0.324176954 0.582756562
0.042384755 0.342927182
0.785011963 0.463438419
0.057727845 0.696858383
0.574285403 0.124319333
0.424587667 0.893083053
0.712352004 0.603824068
0.356217427 0.252035333
0.207229977 0.630578162
0.216605578 0.417747864
0.858787543 0.033934637
0.731950915 0.306673559
0.238823023 0.548345517
0.068689211 0.991092029
0.766714560 0.142161647
0.350815344 0.510258105
0.141012314 0.443834854
0.070459683 0.262846789
0.021919184 0.459947084
0.876939351 0.372890342
0.323678136 0.708134129
0.020900558 0.386857052
0.304900719 0.356566792
0.019699460 0.945397358
0.873162441 0.218258332
0.857297691 0.746464509
0.918655302 0.426831194
0.219877732 0.020929786
0.803014398 0.834787043
0.020016153 0.998679241
0.297098294 0.631573589
0.526018756 0.890807913
0.976036076 0.542726898
0.948528933 0.186787978
0.006395556 0.795001719
0.786775885 0.811713761
0.500965559 0.045348230
0.650817524 0.576614818
0.255394254 0.933284102
0.218236115 0.597894903
0.806187350 0.981706478
0.009208396 0.703875765
0.456688228 0.687407271
0.400422701 0.436305494
0.729017851 0.961950011
0.915027876 0.248290374
0.603159721 0.723326055
0.746616596 0.666000228
0.365794065 0.214091603
0.213043869 0.183833989
0.815461388 0.921380181
0.513655253 0.110726949
0.446521078 0.906875014
0.500126680 0.063368530
0.283547049 0.495959105
0.409630604 0.514037924
0.669993214 0.902091538
0.667384501 0.247889791
0.773600755 0.017604365
0.930911265 0.681622763
0.058604526 0.066928471
0.464228236 0.538905589
0.886285570 0.568505973
0.381112747 0.654673759
0.623979760 0.073607376
0.056469751 0.968460663
0.903765738 0.774508387
0.165073270 0.239451719
0.932141502 0.340665223
0.447218814 0.371597566
0.931515251 0.072369251
0.533600703 0.152410955
0.689049088 0.177322160
0.831369621 0.344575239
0.266905200 0.940471373
0.350804816 0.501263414
0.061594826 0.260717568
0.035328878 0.334964871
0.663893185 0.667626211
0.374994197 0.567073230
0.069497790 0.730242738
0.018727929 0.417876601
0.426771224 0.401521465
0.577154171 0.122335456
0.943406500 0.052986752
0.916653642 0.682961798
0.222388930 0.305434755
0.801426649 0.545092038
0.755132033 0.684046148
0.704639629 0.080338400
0.891849731 0.318110975
0.876537824 0.827447693
0.253902442 0.839055621
0.279028166 0.065434729
0.949819085 0.972682279
0.215640241 0.047088190
0.222327391 0.286312914
0.783703690 0.404084359
0.459280294 0.812822451
0.954284233 0.348187938
0.470360389 0.158202386
0.200618908 0.412623437
0.267295226 0.672367769
0.000049020 0.120850049
0.307476744 0.535101420
0.742289679 0.440740663
0.551066513 0.676612466
0.094160771 0.817885149
0.334493492 0.538862806
0.129257640 0.195571505
0.016113052 0.778682812
0.252717195 0.919587578
0.494724387 0.046231573
0.776010291 0.788112449
0.560560124 0.511379392
0.824385116 0.325861280
0.233437280 0.403085683
0.767260370 0.857575598
0.202131728 0.700588372
0.696129324 0.965375477
0.640736127 0.403954679
0.838508137 0.013335048
0.814761527 0.989955835
0.297785390 0.911740773
0.141462773 0.359533605
0.829995998 0.336006621
0.021806736 0.027858738
0.500306717 0.826248910
0.641297476 0.764055510
0.861710610 0.889398790
0.176015718 0.754502016
0.374098037 0.845189518
0.389900909 0.699617574
0.283678909 0.473904981
0.506349110 0.853000920
0.833739641 0.634784668
0.582445418 0.463147968
0.260888559 0.658687804
0.384231044 0.600515962
0.484186279 0.291296895
0.562552299 0.156111313
0.954340670 0.596039013
0.685040781 0.863918352
0.919917658 0.271581640
0.881710565 0.858054477
0.801158218 0.059452055
0.749294190 0.551010315
0.776072533 0.203732668
0.250981577 0.303955593
0.764832491 0.967652004
0.281783263 0.339424355
0.309892129 0.634730658
0.470790013 0.619711107
0.763027872 0.792227677
0.627221903 0.038330882
0.632393761 0.066573247
0.203190755 0.503470392
0.328164340 0.897685004
0.436051801 0.823156523
0.223542476 0.436114166
0.297636096 0.463528324
0.014533982 0.108114077
0.473222489 0.452843146
0.008390426 0.973211303
0.852892789 0.933383538
0.286093657 0.558128735
0.128464796 0.909606916
0.880556160 0.840611119
0.259210424 0.185658636
0.255898755 0.502766363
0.579844181 0.755433765
0.396392928 0.098407851
0.941708997 0.776518626
0.847603938 0.102881150
0.564558426 0.591732803
0.801949709 0.532067445
0.963517780 0.241516220
0.042030761 0.030503314
0.343463391 0.280993833
0.175080081 0.072104799
0.176396535 0.665856777
0.126644730 0.492325035
0.088998383 0.034718444
0.053769002 0.152861680
0.068786739 0.545765112
0.495338582 0.720695360
0.698058112 0.863420993
0.735856231 0.382186250
0.323685569 0.235676841
0.264892341 0.578224432
0.968027517 0.476508106
0.448937313 0.966197267
0.602040155 0.203167142
0.261338507 0.163734493
0.431749843 0.120655145
0.182271337 0.106705780
0.971100187 0.074318908
0.554911445 0.761825574
0.922878326 0.895206244
0.555776522 0.733670164
0.126735269 0.142283027
0.862984088 0.316299060
0.101582025 0.087304162
0.845037873 0.753406484
0.511740261 0.671550358
0.986603133 0.536517511
0.700608627 0.811772778
0.350884202 0.079724924
0.117572001 0.198079501
0.146382909 0.322033608
0.557877355 0.780198214
0.457816111 0.234229723
0.383249706 0.068037821
0.882001615 0.260849104
0.188692952 0.044856979
0.066632590 0.307311469
0.769787963 0.308627066
0.784818047 0.750613644
0.642133046 0.569299240
0.999843471 0.379502009
0.862685494 0.181765633
0.721424454 0.240397916
0.516179240 0.321194525
0.102816850 0.179015114
0.240376784 0.968728161
0.934694854 0.485854209
0.650298107 0.140012646
0.567042169 0.434239580
0.683027622 0.846685655
0.461361009 0.511111217
0.829690246 0.187620417
0.407720773 0.159686408
0.715395244 0.367338133
0.748428977 0.798509273
0.389119692 0.451270154
0.137845876 0.988447443
0.275803119 0.480626751
0.529718215 0.490078241
0.185226569 0.824568379
0.350875370 0.557820264
0.920403186 0.782076956
0.942217406 0.942713250
0.403909105 0.208216559
0.899979444 0.715312479
0.784517832 0.737466166
0.959585766 0.918873919
0.730099634 0.756374294
0.690181046 0.993791314
0.224963241 0.061533408
0.124897536 0.697820510
0.578595449 0.088858361
0.814656096 0.583026609
0.307293966 0.863605472
0.610014447 0.130964123
0.526518222 0.777699908
0.372999287 0.403020128
0.379314825 0.106820162
0.168237737 0.284584052
0.906459490 0.137998784
0.302161521 0.231559289
0.397617163 0.763536866
0.443231631 0.367134085
0.106648755 0.679100499
0.970718336 0.420409681
0.419223533 0.965410943
0.185279240 0.396323126
0.305552597 0.617870774
0.704567190 0.281353291
0.138339396 0.704379830
0.567519681 0.106009028
0.736670595 0.222443505
0.512480079 0.713674156
0.782339730 0.519444458
0.654943737 0.408596149
0.217819505 0.216055093
0.728487263 0.238895442
0.308059541 0.708087173
0.164690717 0.557552702
0.256144208 0.277635358
0.734592945 0.545972043
0.058881699 0.133863523
0.005273580 0.703617943
0.354328869 0.065100640
0.436693308 0.895917018
0.586859930 0.234147845
0.128212829 0.150023173
0.236656025 0.408611321
0.787105669 0.026664648
0.459748619 0.669884463
0.586671209 0.281098978
0.139015556 0.267623456
0.087557453 0.892813545
0.664867248 0.922223062
0.570982080 0.187532591
0.803294788 0.647234228
0.073544701 0.749372893
0.231397660 0.054340756
0.343980314 0.109202975
0.511016859 0.182389731
0.450655759 0.050542347
0.116935624 0.179321059
0.732316963 0.885559019
0.722371714 0.492273143
0.614119369 0.092841306
0.059548924 0.964334299
0.518366406 0.150436213
0.987580566 0.422559208
0.894331000 0.912465928
0.862852979 0.116305456
0.200197213 0.181252513
0.366815653 0.057890892
0.348317764 0.818292095
0.628126082 0.750982423
0.223035429 0.908948411
0.977278167 0.404587502
0.979040280 0.897400799
0.229249965 0.037892193
0.252782616 0.064004898
0.586997044 0.194591398
0.321861012 0.267140676
0.106310732 0.113696650
0.483670739 0.071701036
0.358701827 0.492383757
0.184131281 0.398311886
0.857385454 0.847052300
0.997842053 0.939632247
0.873995504 0.926853731
0.680494898 0.190967438
0.971444194 0.887426853
0.497240909 0.316831166
0.519346921 0.183040115
0.708638236 0.769385990
0.093094984 0.884835585
0.834667939 0.788190460
0.872779811 0.296958705
0.809581934 0.443316001
0.990808609 0.821956129
0.736625871 0.738534358
0.888146872 0.605514215
0.194523080 0.411034310
0.788736376 0.348010394
0.399931376 0.321352254
0.003879310 0.361325390
0.265517794 0.276699408
0.377633036 0.324061541
0.211560023 0.199753535
0.729789587 0.471432821
0.556399274 0.152580635
0.925006352 0.107503761
0.989154497 0.686873279
0.004191102 0.059775583
0.439140531 0.689658906
0.880890183 0.319379401
0.127215082 0.844890238
0.559695976 0.826398043
0.417057942 0.887650707
0.908219375 0.397108512
0.399841546 0.034592644
0.720327615 0.319904916
0.999941119 0.050848432
0.468081641 0.570886233
0.754404928 0.889082601
0.361964291 0.883303671
0.937474198 0.495403506
0.555696895 0.492019235
0.502832206 0.295924537
0.381478134 0.500962734
0.248440399 0.707270285
0.150741149 0.946551454
0.772730949 0.090557016
0.337220779 0.949255667
0.641415238 0.500321363
0.423675915 0.569907086
0.483814689 0.674089283
0.073650830 0.789530137
0.190835293 0.311550695
0.013053797 0.092757086
0.149760720 0.811899578
0.284148890 0.154307992
0.239741120 0.572955334
0.561341500 0.211573776
0.077132228 0.238014125
0.966724451 0.258718635
0.377892056 0.268867026
0.934998227 0.345605430
0.247273508 0.590599788
0.364157179 0.762776600
0.204492620 0.456305522
0.945076566 0.886156329
0.318309290 0.090557178
0.828288813 0.979440486
0.964476273 0.441575826
0.241383539 0.608285663
0.790693653 0.729042019
0.943875731 0.578170791
0.928716418 0.879796966
0.663814006 0.882928881
0.822867728 0.727791030
0.457578241 0.269156126
0.063668484 0.699146984
0.368643784 0.267689679
0.061864148 0.431396859
0.216928926 0.641300967
0.020387960 0.707604836
0.975850557 0.066014144
0.821226815 0.039262071
0.978867893 0.658943619
0.962204236 0.650838505
0.861636219 0.163409492
0.884983815 0.918071300
0.162431637 0.656061697
0.726307798 0.715269911
0.176874029 0.441942074
0.499146452 0.166535544
0.643257475 0.824550160
0.172699821 0.870425705
0.057196808 0.209851561
0.400800488 0.649189949
0.764496249 0.346435189
0.155824945 0.163522501
0.724958158 0.172609223
0.988991177 0.581424312
0.049816995 0.022832897
0.958694067 0.303955344
0.477028637 0.566555972
0.646374304 0.748090076
0.522237731 0.046524405
0.863934501 0.970744271
0.067960426 0.351145222
0.385075673 0.195947197
0.389708159 0.005778715
0.138005760 0.162098733
0.136726201 0.358738894
0.465687875 0.936835978
0.354042592 0.932015687
0.589977716 0.077991806
0.107479511 0.888670319
0.566213236 0.271310801
0.759719356 0.188303836
0.915284278 0.427184333
0.209789532 0.032261252
0.874695822 0.398842579
0.205777085 0.805352439
0.586628247 0.849551745
0.515866511 0.390170452
0.931952527 0.512946815
0.756457180 0.531967457
0.687633638 0.536816639
0.245174215 0.674718311
0.754280739 0.499454575
0.810480541 0.003470370
0.175094857 0.502493989
0.654543567 0.899929087
0.408513354 0.426127927
0.759029581 0.459595845
0.726310900 0.807174224
0.426843929 0.409226496
0.215208264 0.308515208
0.808894181 0.531904678
0.616839472 0.127368645
0.997863898 0.341445966
0.812065965 0.069753267
0.151312068 0.798632113
0.666768418 0.569777561
0.211997609 0.882111193
0.534653395 0.203351276
0.952065101 0.234856916
0.918503575 0.073547545
0.160948725 0.517369671
0.594465748 0.549403441
0.002622812 0.474006266
0.360311191 0.868975560
0.977760569 0.366451912
0.030361172 0.457888978
0.724240892 0.741366619
0.424957207 0.708528258
0.977604247 0.450617996
0.527962346 0.820946886
0.673669490 0.176743384
0.282110255 0.393166093
0.458367415 0.245612648
0.236533485 0.091956122
0.278563176 0.791969645
0.381396059 0.060207331
0.256149055 0.484514358
0.781835532 0.927049872
0.292493937 0.886634265
0.261855684 0.532533973
0.930332533 0.670867080
0.068774571 0.784030416
0.553712809 0.945663308
0.727937577 0.993958766
0.014392829 0.167924816
0.891195367 0.264528295
0.252431135 0.710212780
0.361917902 0.969311504
0.362015672 0.471553331
0.782491390 0.712589681
0.667974327 0.213792908
0.688560643 0.668544005
0.680707020 0.558483360
0.062441479 0.733056285
0.907303904 0.476531976
0.217274883 0.072887875
0.397748833 0.601461102
0.781822094 0.191049555
0.312270783 0.623520287
0.960999454 0.695062510
0.630653136 0.284326788
0.503439745 0.688530723
0.179493293 0.244328550
0.869494036 0.851723734
0.480387524 0.355958016
0.248279472 0.302701498
0.196407579 0.740384729
0.865280188 0.477247962
0.655736567 0.652338321
0.204350270 0.485675137
0.069711876 0.892069353
0.300866535 0.633643652
0.508242086 0.274319774
0.987517656 0.794721779
0.928471558 0.148611096
0.839471117 0.040289887
0.930557692 0.320483948
0.076424879 0.834248012
0.458887308 0.799790224
0.891417543 0.127530969
0.082086962 0.276263757
0.743040221 0.100152873
0.510944043 0.110013655
0.786193273 0.286529602
0.099063475 0.939892717
0.179567660 0.868583793
0.101870580 0.748201516
0.631299373 0.245171293
0.353314882 0.230063852
0.173370067 0.802967133
0.076468627 0.391871964
0.740321955 0.940061015
0.251750120 0.622375577
0.015792722 0.985978376
0.690967699 0.101971045
0.501721025 0.713038224
0.260938687 0.644409119
0.687334093 0.875218890
0.344374464 0.934744574
0.188561392 0.914686783
0.734615297 0.764809240
0.931320190 0.577915248
0.703689639 0.754406997
0.218494131 0.649349095
0.487772904 0.010140410
0.182836529 0.614245641
0.994195473 0.197111451
0.038041325 0.951541147
0.087182725 0.949752162
0.460568573 0.263524503
0.173143935 0.440414844
0.528563216 0.416081958
0.387148516 0.968248615
0.526797604 0.809780755
0.485732994 0.168239173
0.948686148 0.687995676
0.418980160 0.271849356
0.953243401 0.089007883
0.494082546 0.580792871
0.382300243 0.294750086
0.398183692 0.169465474
0.264733843 0.709740754
0.470344973 0.174593869
0.295620927 0.989813549
0.862201299 0.398920629
0.963255984 0.647274952
0.916736478 0.141828853
0.082640995 0.285060646
0.173487598 0.666604526
0.068984604 0.022613877
0.175623983 0.171658967
0.040393764 0.676440256
0.310135961 0.722498509
0.120190981 0.512286315
0.746552759 0.913812778
0.940053301 0.316206126
0.943414151 0.139864692
0.496676450 0.137267241
0.246021553 0.020295508
0.543071892 0.896891872
0.658649314 0.759544834
0.084176900 0.764311257
0.031113069 0.997782805
0.329168975 0.116032773
0.005549864 0.928402269
0.077040077 0.028234405
0.862522130 0.206698671
0.945164368 0.337295738
0.379646921 0.907814717
0.506468404 0.676759988
0.552426096 0.790481098
0.140804596 0.486688658
0.336264411 0.684927612
0.300862832 0.256188881
0.439937916 0.198390128
0.966659503 0.349916461
0.759774987 0.737530299
0.758069944 0.003676779
0.803451622 0.303424712
0.303257654 0.100304294
0.209247839 0.874636190
0.688975357 0.534298362
0.045814752 0.209681466
0.786971245 0.991652138
0.756227927 0.604910970
0.510105280 0.886292327
0.986787413 0.014948972
0.806187955 0.932695591
0.019507179 0.419586366
0.890968274 0.060242855
0.018489825 0.146491997
0.897264553 0.706360564
0.539093777 0.890746706
0.975407668 0.124588719
0.509910612 0.242490858
0.814746520 0.907699568
0.492662080 0.557517961
0.123470209 0.810437776
0.228195377 0.151593135
0.054696193 0.594083597
0.410621406 0.353987721
0.572155708 0.378512496
0.113633536 0.677482118
0.652613010 0.639710123
0.947970998 0.436008100
0.135870117 0.925407025
0.371993058 0.761691674
0.229043713 0.656605906
0.403621854 0.966523232
0.080355934 0.562070275
0.613256461 0.813443054
0.330232781 0.512349850
0.236966832 0.082978895
0.388387443 0.865505144
0.391711261 0.495540362
0.268249575 0.152186141
0.131380330 0.360682839
0.679484760 0.426946285
0.286574921 0.754089567
0.851647494 0.936750728
0.713812474 0.903317138
0.455165018 0.880527163
0.953570566 0.787168502
0.963826188 0.423836896
0.369507055 0.083095940
0.367672518 0.080085143
0.063124023 0.658192156
0.267833974 0.994507821
0.195446174 0.601471263
0.356026512 0.768339869
0.825966144 0.921105211
0.061640151 0.084272937
0.454789940 0.768960435
0.520172780 0.515150700
0.938249284 0.654654838
0.361676889 0.843766529
0.350423412 0.697672755
0.847159170 0.078742638
0.039286447 0.855203058
0.396474956 0.076628899
0.503437397 0.387131343
0.088397556 0.007437607
0.447430442 0.586067961
0.267958458 0.884124010
0.617217959 0.484083826
0.706855241 0.139504597
0.755188141 0.317920112
0.412985021 0.346234460
0.852058347 0.703555374
0.981052600 0.408515587
0.506890299 0.140920824
0.841065803 0.146916168
0.878587646 0.693093191
0.683750492 0.503640636
0.524618460 0.116662329
0.666182270 0.852364690
0.934759981 0.249791815
0.548476988 0.225214258
0.992436499 0.447939133
0.311080722 0.757710815
0.179230118 0.724095533
0.214238589 0.797402126
0.051056683 0.501003454
0.729349410 0.168769329
0.731808674 0.423762394
0.657334375 0.844861883
0.489302999 0.471254030
0.858184899 0.906782593
0.104562770 0.160221313
0.906816074 0.279618853
0.476081980 0.528655653
0.907887037 0.789900470
0.739380691 0.078043667
0.578240983 0.434136622
0.810754992 0.110400681
0.244148434 0.675320986
0.652708588 0.674945281
0.187037084 0.319980749
0.929379637 0.684290127
0.376241403 0.132377855
0.480642822 0.710908969
0.324154355 0.155038187
0.506026753 0.237956290
0.750564568 0.872797642
0.011501633 0.045280717
0.078873494 0.673425836
0.573032162 0.260131507
0.783547969 0.155216131
0.649657718 0.149068134
0.589853601 0.510287378
0.101265013 0.549044254
0.715136763 0.283277328
0.843215082 0.629591177
0.420781603 0.312330190
0.450710174 0.437526857
0.756795157 0.146343202
0.872915812 0.053204295
0.518654356 0.790766962
0.124293224 0.231919649
0.458102159 0.452299686
0.833377706 0.512031819
0.216524904 0.622915495
