0.472539166 0.186668816
0.021858299 0.369624738
0.918542780 0.207116996
0.255024109 0.103040934
0.708684929 0.812859028
0.610235058 0.398188725
0.365282350 0.440088086
0.134166516 0.682102889
0.637066419 0.154210113
0.229503740 0.542848572
0.739549049 0.122148294
0.444701339 0.743809628
0.242173583 0.170253402
0.050353194 0.043465205
0.774497735 0.153802980
0.439913657 0.222738346
0.857505728 0.014154437
0.231451295 0.285050122
0.681873579 0.689860455
0.241795449 0.388973376
0.028162444 0.380617541
0.556211670 0.867838806
0.506408196 0.533944527
0.182607756 0.159276599
0.041225285 0.695123304
0.817490004 0.132952744
0.360716395 0.859289206
0.304918580 0.585673651
0.875707923 0.877662394
0.583602542 0.622104063
0.985605268 0.433752495
0.600606841 0.115560112
0.081494376 0.825229108
0.973250121 0.516585393
0.020381882 0.620873886
0.486058244 0.696859519
0.187175533 0.479749230
0.077974924 0.552979365
0.927441657 0.379159647
0.666475241 0.334390675
0.949508616 0.981844241
0.790465513 0.970434397
0.825474284 0.059385046
0.504733869 0.063865073
0.528780772 0.733316423
0.804380275 0.203010894
0.081407002 0.924273707
0.611296848 0.376493823
0.064342356 0.002129427
0.834884275 0.427887463
0.358801663 0.910899942
0.247100667 0.005906718
0.486009418 0.219637321
0.365533160 0.476402237
0.274045534 0.220808220
0.083485892 0.455483971
0.573679718 0.466689071
0.372199146 0.183315778
0.511617557 0.143049407
0.436740813 0.711592174
0.251666877 0.477748802
0.928300639 0.094176534
0.191100812 0.095742222
0.238790742 0.571654603
0.771937537 0.954857179
0.870346359 0.136144123
0.203216217 0.632815377
0.064351223 0.374632794
0.507610303 0.819093039
0.419240165 0.735278987
0.340568288 0.900391904
0.772386950 0.187659671
0.350109254 0.873695022
0.003107035 0.665812255
0.564972942 0.801685447
0.632453088 0.106372405
0.489654957 0.911833472
0.895853344 0.872053926
0.302063164 0.301501945
0.311296146 0.195898792
0.600176550 0.347990034
0.349400250 0.113300225
0.473087223 0.364740829
0.113517499 0.773888746
0.610832367 0.906135649
0.519929802 0.350155916
0.353205154 0.514052216
0.459538617 0.304974737
0.179987182 0.645310300
0.625932306 0.542892558
0.095041934 0.444305370
0.354794687 0.760197607
0.533601967 0.353332901
0.683876881 0.467484461
0.773805728 0.552931497
0.594440303 0.559990473
0.132511962 0.163001038
0.271330634 0.459456198
0.364773654 0.644916493
0.311858600 0.984792169
0.120778604 0.815138270
0.367470951 0.199521064
0.763314798 0.135366260
0.108711040 0.931035402
0.000676280 0.283513872
0.527111368 0.948512459
0.908045118 0.660076792
0.875250074 0.890759466
0.246036668 0.447929892
0.362124253 0.960620184
0.693995955 0.112231058
0.833169456 0.126792521
0.227922293 0.047222218
0.495222485 0.640098840
0.638575648 0.370037138
0.911458745 0.656473000
0.937025335 0.055029515
0.879095632 0.467195412
0.316606444 0.228076311
0.338273039 0.959090323
0.048106325 0.613149857
0.824879960 0.366330266
0.271213331 0.452030660
0.624510420 0.662518505
0.253381158 0.936184806
0.155014188 0.682863698
0.134389074 0.566093222
0.065256091 0.951558886
0.817989956 0.788615359
0.830773351 0.429643962
0.139866668 0.191250707
0.287278590 0.090403273
0.673494610 0.130109615
0.452265025 0.709500011
0.478988088 0.706217241
0.953905382 0.366187832
0.853881051 0.555613586
0.229408318 0.743007819
0.919087572 0.771027376
0.412461126 0.281623217
0.574404399 0.091366000
0.671505596 0.509700787
0.197593783 0.921474669
0.351481367 0.109307348
0.370379432 0.432691137
0.817447453 0.744465905
0.973890161 0.622762676
0.321337189 0.165395816
0.292617611 0.711519183
0.645227917 0.887053008
0.545648277 0.708673702
0.939652264 0.976594901
0.653122188 0.995221378
0.388675616 0.191983057
0.692127090 0.343783364
0.500224542 0.946694481
0.763111933 0.267004549
0.198631769 0.337681127
0.297229882 0.542150875
0.854689739 0.955390406
0.397888446 0.170011003
0.913370910 0.166122530
0.094927847 0.267452296
0.276337541 0.423902136
0.610728008 0.820266426
0.165179517 0.985157548
0.058086981 0.115064693
0.864585188 0.919014734
0.357867874 0.342329095
0.620971299 0.344733172
0.095213629 0.121183588
0.704652654 0.566664067
0.075739493 0.461454799
0.771964788 0.635513518
0.517529348 0.568335217
0.662300997 0.717220495
0.943701465 0.146071610
0.831890591 0.677220601
0.147424264 0.238096094
0.456950395 0.957276948
0.709970817 0.384251338
0.624027994 0.206085433
0.037423794 0.210963818
0.252973687 0.981556296
0.468987715 0.112754766
0.406124194 0.972356594
0.746213504 0.051962537
0.161297250 0.606872362
0.050259387 0.224394201
0.611156830 0.543320544
0.665988327 0.217073698
0.236013085 0.885493851
0.170566077 0.766248603
0.511933341 0.193160070
0.035377432 0.604106711
0.405405950 0.610272872
0.066158963 0.042419347
0.175494322 0.366618955
0.391522455 0.261307892
0.241569247 0.669352431
0.659856859 0.838909590
0.832540690 0.580317631
0.486035099 0.278834422
0.679688186 0.247812167
0.107348146 0.638061097
0.349375863 0.482618615
0.739079500 0.704349733
0.482509896 0.097330148
0.002389104 0.864938907
0.803549035 0.958546151
0.259604399 0.799376196
0.273348144 0.422663107
0.579766373 0.428668531
0.278329694 0.382730376
0.302370274 0.643994476
0.804131772 0.695639895
0.375793734 0.315556439
0.191206846 0.107214633
0.551355880 0.962170326
0.553149560 0.120339837
0.057572198 0.200139429
0.905120325 0.895218688
0.404699080 0.378340101
0.117040120 0.224287720
0.116627089 0.264477950
0.320299396 0.346146594
0.985136256 0.486138410
0.563391300 0.074305994
0.075057033 0.361570828
0.042824667 0.341100879
0.525464210 0.838340012
0.603239054 0.062360654
0.995737393 0.361891686
0.487218730 0.467330061
0.788009436 0.385573870
0.734014717 0.919454638
0.306394031 0.396058816
0.573915641 0.134433304
0.180080473 0.024798108
0.392383524 0.524574281
0.399416627 0.597744854
0.540932245 0.192437605
0.375271379 0.901328906
0.783273539 0.606605313
0.723456064 0.292070951
0.388118108 0.166354935
0.406071651 0.991332099
0.542096507 0.693393480
0.958043524 0.072461229
0.103841494 0.725144322
0.551154018 0.849636642
0.739145831 0.185317056
0.678443577 0.900481418
0.308998505 0.150492332
0.603836317 0.855040505
0.831293079 0.884714071
0.354017251 0.908359730
0.982033291 0.173412330
0.533739400 0.115634753
0.112714171 0.637850143
0.995346441 0.434488591
0.329425977 0.643720623
0.438569368 0.875561129
0.202545299 0.042175060
0.923245938 0.740650901
0.986722355 0.693266532
0.998164604 0.728707377
0.389997295 0.727408862
0.933225897 0.478829727
0.002945934 0.181085684
0.370323980 0.792137625
0.180191664 0.388714242
0.327898093 0.612808455
0.863843549 0.438961079
0.586849809 0.662212222
0.487076382 0.588084741
0.936259130 0.638692100
0.044737767 0.679542326
0.747574959 0.040510881
0.871438132 0.530159475
0.460771029 0.202851538
0.215245156 0.213350606
0.400194082 0.170704857
0.996516184 0.248151478
0.089473320 0.020694981
0.658285473 0.642625928
0.670292387 0.349429857
0.254483221 0.423211623
0.996761453 0.535586481
0.826754092 0.404405856
0.048296839 0.536947884
0.864761102 0.434784195
0.844957885 0.039179868
0.286587698 0.358941253
0.855753157 0.018158486
0.940299569 0.773484650
0.992348879 0.502445570
0.112066001 0.530402195
0.389694200 0.461786965
0.940082796 0.876502964
0.498336975 0.959562747
0.630176359 0.671809733
0.049621267 0.071448823
0.822424042 0.183024592
0.920534118 0.015643005
0.057410753 0.106610527
0.941185927 0.791834948
0.318760152 0.139260788
0.690062033 0.358554389
0.977336059 0.788897245
0.502693169 0.513325020
0.685560492 0.818256549
0.098155465 0.790621226
0.631386362 0.963564967
0.358820769 0.788728917
0.350574512 0.670883712
0.832377648 0.984050943
0.690238210 0.716834804
0.248976366 0.744568506
0.877822416 0.346045037
0.515725046 0.287082615
0.279524376 0.261882594
0.845120089 0.859707865
0.563227856 0.181118918
0.289858777 0.919368330
0.561817129 0.342096881
0.827850984 0.024618113
0.794596691 0.521089797
0.522863361 0.237121751
0.878260804 0.608803496
0.997997876 0.537940393
0.955267728 0.745922240
0.658607512 0.596341825
0.105928237 0.463136044
0.114176355 0.937480264
0.427316608 0.619570740
0.880450468 0.514947488
0.650791560 0.861647936
0.053358681 0.313835721
0.567848628 0.509685932
0.432825453 0.471409155
0.387895252 0.939207960
0.870492993 0.575009592
0.028479014 0.202176812
0.849555574 0.328161212
0.418744101 0.807003628
0.268127188 0.833754394
0.337803617 0.437042577
0.792856569 0.180701393
0.243384249 0.033504216
0.894347826 0.995080601
0.030856748 0.339265158
0.331592230 0.670628739
0.571693038 0.038692522
0.488012114 0.125101301
0.080100642 0.441276245
0.312579203 0.111486252
0.462806800 0.938023727
0.210841333 0.560214175
0.317452506 0.707857981
0.672031499 0.612457317
0.578888724 0.667484183
0.972360453 0.455059977
0.184321369 0.246398414
0.465199930 0.961338532
0.048989963 0.291976199
0.922770449 0.393784936
0.609494419 0.779707107
0.675964855 0.735412157
0.876168247 0.338326494
0.355703896 0.923049261
0.487367285 0.528081247
0.045320478 0.185616379
0.771779996 0.917290522
0.016388143 0.034172163
0.544702746 0.371857191
0.031278067 0.356545969
0.513271097 0.701474936
0.770383679 0.989697231
0.995692354 0.776108750
0.312591556 0.560377232
0.931511257 0.004807969
0.782922977 0.740142155
0.061474436 0.094702369
0.457036755 0.976707372
0.613647105 0.897588023
0.934659068 0.096465094
0.647099303 0.291189539
0.211841324 0.027271314
0.006654223 0.376849999
0.520586632 0.761723277
0.784136316 0.727232300
0.064575806 0.736667037
0.303532092 0.626281533
0.857273220 0.168000813
0.760760703 0.587216286
0.407410065 0.850741704
0.373992417 0.210582431
0.086563389 0.786724616
0.074471325 0.779604114
0.096428327 0.940211425
0.665052386 0.740418839
0.033426054 0.689375229
0.548748692 0.618270381
0.598779118 0.601086251
0.288429481 0.405535160
0.555639377 0.487716066
0.201174799 0.484300827
0.139127420 0.680220065
0.110756353 0.555617386
0.940087430 0.525812695
0.428548338 0.818320035
0.592093599 0.714094465
0.888560378 0.114151472
0.936587956 0.502151519
0.192045650 0.800585204
0.272799293 0.210793975
0.299349764 0.223579315
0.255423300 0.496474177
0.429262562 0.138539782
0.660271262 0.390419511
0.638428474 0.464808020
0.559867955 0.816873515
0.560286352 0.418404746
0.322632293 0.272213043
0.303317068 0.131601573
0.734365780 0.823306453
0.597495277 0.194826857
0.150781491 0.367002803
0.396796123 0.319262518
0.200247670 0.435570732
0.317112560 0.731126460
0.233026173 0.402378356
0.325400414 0.942689551
0.083138817 0.261010363
0.369445813 0.017489613
0.482153436 0.611424383
0.802640514 0.568965430
0.995998055 0.960341724
0.448531218 0.537332862
0.584953241 0.435473950
0.827379355 0.705000242
0.083301422 0.613157964
0.540202954 0.901635706
0.022558563 0.934303303
0.496217218 0.743512490
0.659278193 0.257953268
0.314762335 0.858708727
0.768436071 0.981792156
0.593909410 0.852388830
0.736196680 0.125449786
0.215194724 0.560210615
0.090498963 0.992179498
0.050176798 0.520022711
0.347639037 0.888382090
0.757263739 0.197769238
0.950072153 0.238214089
0.408363150 0.351607969
0.252472538 0.869615634
0.336663938 0.516211718
0.151504071 0.579536806
0.229839998 0.818440059
0.284083649 0.369446422
0.170328450 0.291944379
0.714162618 0.015973234
0.444908857 0.957084687
0.301967353 0.744918013
0.271806791 0.494153990
0.309975946 0.134714333
0.137575189 0.980660835
0.340561585 0.917118473
0.843727457 0.158710298
0.215522990 0.391036565
0.320737970 0.991083674
0.410745547 0.195962597
0.695500807 0.517832753
0.252812209 0.729532784
0.234841219 0.598955821
0.014126154 0.801978509
0.831058107 0.565645323
0.440489886 0.726289977
0.867164235 0.873118120
0.363455264 0.561593508
0.055303082 0.756245285
0.429501702 0.124053310
0.830716290 0.929953291
0.598340116 0.286446194
0.671189231 0.397464511
0.945997850 0.469572240
0.672375488 0.933459671
0.783215911 0.280491753
0.327686777 0.215483489
0.119486982 0.031516998
0.788350248 0.174158754
0.279979737 0.574980992
0.605403281 0.659478292
0.563546982 0.525060520
0.918246260 0.473997776
0.151301644 0.296220686
0.385596842 0.912306590
0.575374927 0.346292595
0.153888621 0.507209929
0.802037560 0.263603267
0.855727634 0.387162074
0.735561205 0.266157563
0.277245452 0.521268772
0.665128377 0.757312582
0.661524501 0.374558773
0.583833621 0.447372576
0.081776353 0.624406834
0.063922271 0.652109655
0.837049103 0.133718105
0.966835904 0.620466955
0.529748186 0.694270398
0.730953911 0.722695985
0.743286801 0.727001392
0.507806312 0.815119134
0.191367074 0.304581361
0.634895943 0.105033083
0.824452541 0.366516865
0.072707539 0.831537173
0.334631807 0.477485993
0.327598661 0.006513336
0.835598461 0.263664592
0.788891918 0.944347833
0.058685464 0.063915366
0.847786512 0.625886070
0.648245677 0.175876950
0.445718216 0.066285377
0.325139417 0.683576646
0.963048642 0.743799668
0.728788364 0.417768448
0.113884691 0.915877110
0.385932671 0.064634490
0.291478379 0.655342668
0.229573101 0.238935824
0.431769375 0.848035375
0.576905121 0.723987709
0.410170212 0.333346440
0.945756550 0.887996728
0.571122999 0.825263194
0.390768560 0.157075241
0.891539168 0.044532863
0.426351658 0.683808116
0.318717750 0.451734554
0.107156488 0.852801763
0.457819939 0.887481159
0.399419103 0.356411392
0.191799277 0.585521663
0.309315792 0.523799698
0.419715703 0.729003215
0.036053387 0.956851607
0.243024141 0.711606606
0.785106937 0.058804141
0.925200265 0.045189152
0.487532160 0.516671652
0.442064708 0.110906254
0.759058983 0.368429485
0.303460620 0.740996594
0.708111861 0.021631431
0.389537601 0.762108938
0.636179658 0.239934807
0.286717281 0.732270029
0.949699211 0.490729748
0.672316364 0.808496430
0.209614803 0.890092716
0.878781630 0.703025916
0.905221207 0.066247036
0.256393487 0.245672453
0.949508380 0.825728837
0.714336132 0.806156033
0.950187116 0.246388834
0.399961162 0.963069047
0.810735103 0.496219020
0.110290848 0.421612977
0.396601275 0.531411186
0.129217013 0.971355683
0.900140854 0.284302508
0.150987048 0.043849511
0.705501106 0.707064180
0.340071755 0.168625231
0.517404926 0.919629551
0.751896382 0.543107393
0.893736805 0.181637869
0.177949021 0.842767619
0.909646310 0.770719724
0.027998642 0.432636518
0.870283718 0.011035008
0.812959834 0.614000800
0.813448721 0.379239496
0.180519868 0.220699355
0.871954037 0.621919235
0.495040659 0.738206371
0.724043464 0.420713487
0.473114257 0.726280094
0.918901075 0.725796088
0.465706151 0.313845110
0.011452575 0.188332687
0.257188388 0.640407092
0.068090880 0.951569076
0.546223447 0.005816374
0.319463416 0.468178810
0.169597219 0.216172645
0.746025289 0.380654821
0.807546545 0.484837982
0.514517952 0.487976027
0.610170294 0.692925690
0.488438034 0.864132730
0.003083007 0.473764385
0.076783226 0.799281603
0.742720379 0.828233345
0.393003870 0.887195189
0.068768009 0.529938328
0.192686519 0.920923634
0.861260520 0.858491552
0.498040183 0.495066231
0.368497248 0.904846738
0.121456996 0.382882032
0.251179914 0.877656234
0.495330325 0.106479542
0.650924352 0.847713060
0.952502617 0.049025756
0.010785634 0.905126250
0.402280643 0.202427025
0.225834860 0.270322147
0.516262505 0.124202857
0.372377246 0.017633526
0.347932527 0.548839580
0.645451793 0.704560342
0.315878464 0.458525209
0.365465784 0.716547663
0.197470926 0.079532722
0.124418152 0.107875987
0.881261573 0.433860184
0.837034232 0.719046226
0.787831193 0.869456794
0.967117152 0.923746462
0.289455709 0.680230364
0.547917011 0.960420546
0.659697480 0.665808202
0.938673812 0.612628958
0.961366689 0.901761452
0.687100607 0.779475441
0.226696201 0.998875087
0.924845067 0.621262029
0.523535882 0.950800382
0.484150109 0.009099616
0.425413752 0.718916883
0.233393641 0.654996647
0.688203297 0.992900557
0.835502253 0.447215600
0.227442950 0.118044999
0.223195334 0.605672487
0.089942713 0.762706954
0.653044025 0.789083393
0.382981564 0.975616961
0.169632791 0.430571767
0.964152670 0.482807445
0.459913628 0.010872030
0.011194065 0.185292622
0.883703427 0.847918797
0.643909419 0.221076193
0.278103433 0.918695905
0.409227186 0.789386199
0.616416431 0.284676695
0.672236536 0.924505690
0.076478666 0.229979525
0.821325686 0.539840109
0.059977986 0.516642431
0.577238545 0.257167799
0.676114531 0.732997686
0.166260348 0.539801159
0.284980156 0.838600269
0.984816170 0.865299267
0.268101811 0.971979577
0.249184053 0.235251950
0.892819779 0.495585254
0.577284531 0.073931476
0.678406631 0.483667745
0.178296428 0.337371269
0.982603943 0.371022739
0.009380468 0.932705241
0.155126370 0.395215452
0.147137550 0.905448131
0.548477677 0.122729361
0.276546327 0.907615418
0.336134189 0.585452421
0.053572190 0.565985264
0.394443904 0.415943635
0.547576589 0.276420501
0.470198304 0.255831659
0.626161631 0.627404421
0.223897852 0.907890108
0.729110776 0.928673434
0.362208354 0.309401545
0.046944012 0.556438467
0.961357033 0.194690737
0.512385979 0.355659112
0.636380335 0.362893448
0.282609714 0.774214728
0.505693149 0.205262629
0.982772446 0.546953089
0.135854749 0.162071180
0.878668290 0.531990547
0.684875249 0.627355736
0.965354729 0.955273154
0.301357790 0.726757011
0.749566041 0.052034742
0.890165731 0.295869207
0.939194180 0.380367210
0.694042648 0.549652935
0.889301491 0.094686843
0.692038513 0.953122182
0.706971446 0.931440720
0.116371601 0.081835501
0.734212917 0.810031050
0.494137335 0.779802340
0.169458325 0.692076293
0.192132492 0.912191970
0.291020598 0.322603031
0.790515034 0.432298653
0.995976927 0.525978210
0.860656049 0.638327265
0.446484092 0.615044955
0.761721278 0.156035760
0.017391120 0.289495061
0.366718394 0.743243182
0.747593275 0.622769614
0.025570877 0.161843413
0.043093374 0.286827842
0.101474051 0.211031564
0.410758328 0.291316643
0.812500865 0.651694624
0.052876961 0.478244244
0.949316724 0.248044959
0.777389978 0.663172669
0.381876115 0.960889662
0.168308162 0.047233249
0.922727349 0.461193444
0.013892093 0.053088541
0.377868881 0.019951473
0.821125965 0.019725994
0.707046979 0.591277140
0.204948987 0.554344723
0.328568478 0.701589976
0.561799025 0.887559747
0.284072053 0.404203581
0.348358604 0.949813496
0.272243615 0.634132747
0.363753500 0.903138680
0.839320259 0.325490245
0.419580267 0.655322188
0.958963153 0.913192276
0.333849973 0.797159989
0.887267453 0.948315625
0.365027095 0.789702804
0.488378150 0.358831115
0.423039041 0.309912928
0.477049398 0.938485963
0.674823020 0.971424109
0.789381384 0.100947903
0.763536004 0.289161506
0.917601812 0.999401843
0.547298985 0.546353846
0.658506826 0.206775371
0.108728698 0.447012752
0.125854528 0.402506315
0.825424921 0.054962750
0.197175683 0.988006957
0.746874455 0.197635406
0.797973211 0.700918908
0.930019878 0.228267454
0.661522279 0.334037928
0.814780410 0.715296016
0.123496405 0.091161468
0.745845987 0.890001120
0.973093115 0.256060040
0.346629214 0.157592256
0.445496686 0.002453434
0.569462810 0.868507811
0.942361442 0.173812779
0.802496302 0.635017368
0.575382357 0.741452967
0.124339409 0.279378553
0.509563239 0.426382056
0.892882517 0.910576950
0.852794207 0.039487187
0.339330682 0.253097626
0.659908808 0.043143192
0.680545491 0.159790048
0.037699229 0.442046990
0.911567951 0.502003210
0.905790394 0.360053638
0.316165798 0.228346042
0.249453194 0.627775276
0.085827052 0.592975360
0.083580806 0.243135535
0.261657646 0.203081356
0.811382992 0.182665829
0.973402505 0.577363672
0.972835031 0.327354745
0.373194292 0.811273126
0.228526246 0.601167366
0.705245461 0.265243252
0.810449258 0.528801846
0.737692218 0.192253154
0.272762083 0.633117460
0.332963771 0.439944393
0.240234949 0.197913909
0.534029553 0.842835650
0.053008403 0.830210847
0.830760692 0.134236440
0.585528003 0.798821970
0.712508584 0.149511081
0.858268183 0.835875347
0.628049348 0.579432431
0.389411564 0.404783593
0.901253438 0.086380372
0.065951698 0.003153681
0.156016008 0.187390605
0.439941799 0.207731144
0.660139391 0.637940458
0.971967090 0.629375674
0.329253870 0.713386511
0.964121532 0.815952405
0.651207544 0.881204736
0.076917417 0.898734932
0.604116386 0.527466135
0.248900086 0.532983034
0.105509109 0.422175005
0.309337294 0.771849869
0.569317915 0.637123438
0.692962473 0.585566715
0.239674351 0.745444724
0.975370176 0.502529726
0.030038954 0.154506764
0.914400869 0.007607026
0.349008960 0.671218298
0.275562977 0.090777595
0.353701361 0.986964702
0.757146274 0.759200550
0.262063220 0.009077133
0.630619936 0.780353663
0.871993085 0.844450141
0.735854035 0.839933401
0.529891024 0.647086753
0.790910238 0.058109224
0.177749603 0.932483939
0.204843575 0.865637599
0.549532249 0.463092468
0.322511866 0.731527231
0.625027652 0.256410395
0.572193047 0.159302495
0.249088566 0.063350213
0.565353377 0.362315328
0.586375036 0.694157157
0.605588162 0.938832784
0.459758379 0.081458831
0.954976010 0.089572160
0.482603641 0.239859545
0.242936776 0.544115457
0.100074347 0.996716044
0.041724379 0.612593041
0.330099686 0.569675526
0.794287335 0.544773204
0.594739990 0.931212001
0.153771931 0.548446701
0.172108855 0.130292804
0.311938017 0.864844494
0.031207186 0.275338973
0.085186351 0.500481304
0.103427158 0.267079874
0.700096055 0.698736625
0.545403265 0.479904527
0.590507519 0.276281778
0.459694382 0.656317089
0.077441284 0.977750260
0.529628534 0.419335244
0.814562635 0.883410066
0.667412462 0.457217353
0.520743308 0.981685875
0.091393668 0.506787719
0.093778473 0.740462114
0.310451944 0.034260285
0.373163651 0.593910053
0.846681017 0.604046364
0.353656308 0.700150823
0.824113766 0.926623094
0.728847584 0.395069169
0.909050909 0.658839449
0.184767373 0.498701261
0.144282969 0.082355874
0.038141959 0.255885509
0.965114138 0.945167772
0.238667801 0.563703195
0.799655235 0.881557574
0.205374923 0.632788619
0.578423974 0.551507749
0.819371297 0.230161962
0.682058597 0.909129334
0.743295421 0.013228764
0.586067670 0.881761495
0.612293599 0.274306849
0.551062178 0.868798221
0.054332681 0.117690943
0.766765317 0.217081735
0.610071788 0.207541113
0.192897448 0.253460490
0.326600898 0.911218706
0.911455253 0.317660615
0.229636385 0.722270974
0.519785167 0.696976386
0.605753552 0.469944194
0.440297376 0.078699391
0.793184691 0.582361513
0.010465410 0.620652951
0.391924696 0.046538288
0.537482587 0.255204580
0.757093390 0.852993285
0.646252700 0.156273587
0.338687741 0.274347351
0.639210409 0.300960971
0.682055724 0.974561949
0.122163277 0.593631701
0.666686710 0.689436909
0.490288631 0.785259058
0.268833912 0.530548161
0.370155046 0.507482656
0.119292161 0.712004723
0.178705620 0.106305540
0.923845766 0.955389024
0.085983486 0.895832703
0.697299974 0.495095863
0.522410833 0.729478477
0.676748082 0.951328455
0.424231735 0.668318094
0.806298876 0.861738382
0.505511509 0.594766390
0.908220047 0.023588690
0.394827763 0.530524407
0.893885216 0.683702178
0.578246905 0.152825231
0.796771195 0.806393283
0.859736099 0.402527277
0.614495918 0.551877076
0.683362715 0.931467459
0.983275655 0.616275570
0.990007583 0.975489085
0.022404099 0.393110649
0.313272918 0.310953688
0.889403832 0.989849687
0.603645193 0.682099003
0.348346646 0.298526670
0.674456557 0.490851897
0.874654819 0.487299953
0.604295930 0.890349372
0.228173799 0.522474380
0.841950679 0.895182034
0.534254912 0.817856495
0.760166867 0.514377984
0.490200140 0.644301648
0.562888968 0.640965673
0.127153549 0.409050405
0.413829849 0.873118570
0.400594413 0.075322113
0.641455663 0.318308351
0.782566693 0.493471184
0.594543983 0.107531519
0.095479210 0.199377981
0.748510690 0.132120998
0.469917683 0.410372966
0.789624946 0.058919998
0.571438992 0.856392316
0.475168396 0.491667559
0.662020352 0.469049056
0.298937967 0.111041790
0.000279870 0.755549984
0.683298308 0.178250892
0.062080268 0.437031650
0.019935797 0.940933973
0.197721165 0.405320414
0.588879404 0.579098479
0.684626319 0.715162427
0.594905261 0.164747936
0.149231715 0.976947775
0.022023059 0.443935068
0.348207931 0.040872584
0.589507923 0.869702729
0.210574002 0.328293331
0.240664316 0.611149548
0.825295646 0.517248915
0.223377196 0.166399199
0.459499593 0.451002555
0.718113707 0.215962301
0.708310758 0.578169854
0.816243401 0.277560671
0.154101498 0.356857196
0.733558685 0.005210434
0.415254579 0.143205793
0.062272233 0.477357840
0.580454948 0.010369853
0.819880122 0.233870461
0.367965261 0.121487672
0.068645098 0.381567546
0.275719775 0.237092028
0.141587601 0.164875263
0.972052873 0.394255188
0.780049468 0.617641140
0.880270713 0.919021144
0.774353853 0.409734878
0.696779719 0.827756952
0.789933944 0.978079871
0.423440420 0.851077792
0.082805557 0.108132725
0.521003982 0.487855621
0.135138397 0.237065317
0.118653454 0.548188259
0.996642929 0.968861646
0.817923596 0.399206153
0.587390747 0.960036287
0.008479693 0.132503159
0.371070356 0.106847770
0.200130790 0.205279061
0.153195712 0.840677745
0.771301187 0.548400716
0.546416796 0.039703696
0.041724240 0.102902053
0.522257580 0.169068380
0.924987951 0.415630537
0.381012491 0.696098418
0.396331585 0.097770748
0.959595207 0.378030153
0.798658375 0.708924063
0.562356906 0.655009465
0.764594826 0.426606803
0.148413584 0.081275608
0.081152654 0.323959887
0.122812297 0.182979964
0.615524957 0.193129656
0.579510993 0.169750991
0.583293482 0.104354563
0.205950077 0.609195589
0.853959188 0.957649329
0.658127505 0.914298176
0.619321845 0.939422173
0.631777126 0.279341956
0.069124610 0.164969517
0.318851699 0.733701382
0.723052099 0.074176959
0.992243822 0.372940116
0.069624511 0.273413351
0.940370463 0.262569917
0.252889378 0.769700226
0.120004412 0.143355452
0.244236075 0.525280038
0.130286005 0.430229984
0.962013151 0.107935900
0.009631511 0.891882763
0.161861679 0.722159533
0.760681535 0.631001137
0.143177186 0.514924092
0.137549782 0.716026104
0.862631532 0.364212904
0.985212069 0.193043106
0.225511682 0.805825480
0.798093068 0.796791083
0.576848063 0.241182386
0.005380673 0.063147197
0.323771514 0.432283916
0.132605353 0.829582539
0.604845199 0.378719282
0.927224391 0.090226329
0.809012946 0.556376643
0.933364859 0.270657672
0.196722277 0.785781204
0.648518152 0.357703775
0.048589665 0.626216599
0.090715639 0.831165947
0.051609060 0.893646629
0.243764977 0.655312364
0.365699167 0.981483592
0.785015066 0.877810370
0.881179838 0.459149542
0.945157785 0.256939928
0.939076217 0.459830447
0.744680002 0.470268050
0.581568351 0.908076927
0.935777992 0.913328036
0.451465123 0.309951815
0.141457353 0.848473564
0.596859026 0.437692037
0.155058985 0.866150911
0.617147713 0.353211803
0.646573764 0.071541142
0.593112510 0.683458731
0.580187412 0.837411356
0.701971743 0.842146118
0.793279642 0.668115265
0.955563834 0.003880186
0.837172169 0.654084191
0.879182823 0.822611565
0.177473254 0.058671827
0.441243975 0.821912534
0.765403783 0.210686208
0.132652281 0.799355588
0.207981003 0.976149364
0.669543553 0.746011307
0.730120850 0.608907450
0.105892617 0.426634008
0.503092580 0.510610505
0.611457155 0.166856233
0.892024434 0.920171920
0.984082170 0.596432843
0.720694267 0.986745017
0.218890916 0.462512884
0.543490910 0.615157121
0.698295646 0.109117823
0.894240678 0.990234247
0.176200234 0.978077956
0.093522019 0.807214112
0.088142425 0.845674212
0.086663196 0.709677885
0.173627285 0.915553386
0.633987663 0.847232340
0.339460512 0.906872304
0.503299357 0.638504789
0.497038571 0.437288362
0.064644437 0.014430513
0.263532197 0.000073260
0.118379785 0.286326937
0.730683130 0.708385703
0.534230804 0.251695925
0.831974045 0.388557194
0.890630503 0.027213832
0.627881225 0.935587653
0.789416206 0.555413290
0.476038832 0.273825555
0.205790957 0.462305001
0.915814142 0.768136039
0.099451438 0.517481174
0.156286220 0.497125878
0.688419623 0.405451145
0.269341074 0.533094408
0.468423809 0.177595999
0.845820560 0.963200460
0.281909449 0.750957221
0.735218323 0.954906001
0.481948879 0.864947261
0.016103891 0.818619980
0.969209361 0.669299342
0.192878316 0.688751201
0.449999809 0.126284340
0.446063951 0.316116101
0.621697437 0.563286061
0.752864218 0.047423821
0.995515937 0.001423094
0.163169270 0.073508715
0.543092015 0.792356495
0.480686840 0.118672316
0.815795230 0.473852802
0.034493603 0.939184127
0.195016807 0.397932919
0.859583050 0.800346506
0.109432382 0.946033263
0.110044422 0.507566128
0.330651567 0.427264877
0.673672278 0.330157659
0.515175884 0.367346500
0.823510364 0.061775764
0.214169321 0.971135158
0.018311083 0.522681429
0.487396523 0.185542540
0.038844719 0.947337221
0.529065483 0.130146608
0.433214439 0.375786648
0.793682572 0.052629827
0.794349727 0.664463731
0.409998621 0.461556897
0.412783863 0.315950339
0.562968447 0.644874475
0.926874101 0.609437193
0.255986266 0.291536907
0.187678026 0.947688404
0.421179385 0.217364079
0.958892349 0.237824113
0.076373830 0.735604932
0.930941673 0.677328246
0.249969302 0.651711637
0.786409470 0.170894942
0.867841664 0.331472916
0.374738004 0.780795849
0.566840888 0.516746407
0.022127810 0.094511543
0.952819282 0.697012313
0.040493778 0.953396287
0.475563874 0.633500305
0.322337060 0.461346427
0.451439447 0.335708010
0.585355823 0.115466447
0.093533757 0.527217639
0.652497328 0.104336902
0.732423796 0.007525983
0.223062825 0.647117649
0.942955445 0.934988047
0.996136784 0.637470970
0.327589516 0.291530823
0.875869943 0.263957488
0.564016061 0.415162089
0.438273300 0.474936104
0.709559091 0.239029126
0.292313738 0.611987872
0.389075808 0.910151158
0.273375934 0.143745932
0.828569582 0.807120229
0.765393091 0.819900523
0.914262420 0.326073939
0.495838587 0.678245449
0.452562494 0.637980502
0.121610466 0.372110073
0.479387378 0.328690175
0.096179645 0.085533445
0.445152497 0.195034777
0.419424975 0.768493820
0.469586078 0.217420142
0.095747894 0.938652762
0.683578390 0.662188707
0.856545071 0.533755182
0.362938590 0.685255268
0.689339928 0.290548924
0.519590324 0.866358093
0.385227717 0.288727041
0.880653260 0.865477150
0.012943319 0.934323853
0.597588445 0.502017852
0.782218433 0.428251666
0.874095584 0.836348986
0.826370131 0.255120238
0.149454202 0.463920898
0.703306750 0.189998707
0.699285495 0.348521902
0.470497008 0.743159072
0.311981297 0.154228583
0.162873741 0.330383436
0.693129553 0.087261972
0.692515052 0.816870985
0.793623259 0.181237286
0.073773670 0.386049913
0.869459280 0.424489562
0.216572185 0.264370203
0.495472610 0.524359812
0.501797288 0.562885047
0.270243738 0.459346316
0.963604587 0.145646135
0.342748388 0.574305904
0.316797534 0.226378637
0.335146687 0.532723749
0.680093176 0.015368245
0.462575811 0.428865880
0.402324944 0.510849412
0.656189734 0.761166591
0.373725386 0.066552012
0.209775981 0.083887671
0.193096455 0.286428377
0.501289618 0.801600601
0.125093366 0.739885262
0.476972013 0.925964125
0.522983241 0.718341623
0.536243348 0.468592142
0.335453950 0.262923513
0.902005810 0.610829649
0.416474857 0.098597544
0.031480973 0.238905304
0.163838050 0.857533094
0.428451312 0.362469776
0.924439238 0.345165401
0.788426728 0.113637655
0.999073588 0.126082896
0.366920690 0.125348812
0.543302192 0.660864730
0.782325472 0.503725443
0.924198811 0.724166451
0.864466036 0.954279032
0.401215575 0.147986058
0.008812278 0.828905243
0.311034148 0.814463569
0.751711157 0.824602379
0.098791377 0.126044119
0.257270970 0.418185674
0.179465738 0.394832871
0.109551525 0.173982060
0.092449229 0.354563559
0.784876451 0.734541862
0.523787487 0.924849949
0.393708142 0.247757939
0.507791562 0.674421683
0.189447205 0.954107308
0.776037298 0.684777995
0.258309352 0.971467020
0.739021589 0.289504643
0.033272982 0.781927205
0.256530954 0.285327337
0.863185188 0.707394833
0.375699950 0.128119916
0.992018018 0.179653009
0.214106173 0.294478484
0.106763657 0.494406315
0.166771449 0.318955551
0.364880271 0.179931825
0.293719548 0.042177924
0.654428424 0.572049187
0.206493788 0.221058354
0.359190404 0.902245635
0.801884328 0.333101935
0.073873101 0.294553946
0.471540053 0.641860029
0.733918959 0.717724934
0.041123274 0.076113036
0.143121225 0.683360527
0.271429030 0.187625808
0.650524023 0.237197798
0.984038549 0.310173165
0.235658517 0.779063753
0.217714714 0.920644447
0.459367861 0.429445914
0.319355434 0.673020893
0.256762930 0.451259230
0.297605007 0.087297421
0.843710600 0.830675017
0.548666587 0.619975179
0.114224697 0.192612326
0.383944251 0.839729095
0.547321008 0.246733823
0.345081858 0.667169084
0.951930610 0.325768922
0.445768035 0.913392549
0.670097926 0.617253359
0.231848395 0.775090516
0.658481022 0.232929872
0.545235349 0.477627261
0.812288100 0.531991974
0.176658709 0.634224628
0.991466210 0.246173744
0.010357583 0.810306358
0.828819709 0.732501733
0.381913767 0.345525402
0.785284403 0.955886012
0.088433276 0.346371647
0.145419925 0.016193510
0.301559403 0.927461845
0.251183904 0.833843871
0.755305055 0.804596506
0.922909532 0.242812796
0.484884435 0.480223709
0.269035362 0.538420720
0.333779691 0.269284862
0.707991611 0.302028471
0.994480752 0.122006124
0.646313163 0.083537014
0.201194851 0.890183475
0.964213255 0.498936830
0.808184087 0.889025757
0.660974177 0.921858879
0.438787737 0.935392914
0.724042485 0.886387795
0.671691171 0.082314600
0.424800026 0.505142624
0.431559505 0.031999830
0.578867334 0.578222611
0.662182676 0.225958698
0.264495426 0.015046569
0.504136185 0.239200172
0.644729235 0.557820022
0.135359930 0.657034275
0.751596676 0.734632473
0.699010341 0.094200077
0.213092038 0.656584393
0.298948989 0.007761997
0.945500184 0.911426587
0.496595360 0.954366637
0.045683515 0.395321659
0.198400677 0.753272098
0.129947238 0.183781297
0.131879188 0.286384726
0.615734852 0.110462589
0.873126223 0.608725556
0.603302423 0.190455698
0.260267070 0.236961148
0.622512185 0.732484897
0.804366814 0.800822766
0.201581497 0.636329950
0.789466227 0.912051200
0.873283507 0.445631741
0.166055887 0.983336912
0.733887833 0.215198990
0.473276171 0.828653919
0.299510255 0.592876256
0.612981699 0.374035803
0.235453889 0.382440832
0.814694358 0.040038300
0.054562681 0.264076563
0.782927698 0.104455885
0.548928355 0.023950421
0.999077103 0.008065986
0.355546888 0.626582633
0.032171893 0.617836129
0.864355621 0.346404441
0.731813396 0.755562147
0.110955504 0.164074563
0.675987652 0.743949795
0.770598112 0.039004353
0.241462328 0.558084878
0.639476926 0.263562358
0.622095715 0.590768133
0.363493868 0.755545553
0.226871738 0.662532981
0.114397005 0.967721185
0.890288219 0.095753973
0.323019730 0.805201903
0.896141634 0.376310266
0.379594035 0.374700024
0.313774919 0.646976685
0.926721160 0.952660953
0.746309414 0.987858149
0.340946016 0.909601744
0.319927300 0.103398592
0.142551954 0.072085844
0.825053675 0.190621311
0.111867406 0.281068199
0.948066256 0.855613851
0.637187741 0.095040171
0.590214398 0.647140706
0.291037288 0.721235020
0.714796446 0.614945828
0.496463621 0.039754861
0.027009353 0.310443561
0.377529564 0.684690669
0.379608259 0.742440178
0.078083378 0.052612796
0.043701411 0.702589829
0.938677373 0.669386329
0.501675154 0.879489358
0.274253197 0.682950880
0.021314564 0.773252422
0.933533985 0.732473968
0.054882939 0.240787581
0.052396259 0.332152203
0.596460226 0.413105966
0.270649536 0.648837050
0.677197322 0.037289834
0.120084188 0.540894736
0.068332319 0.829143826
0.290539674 0.789166596
0.520575152 0.749171216
0.330062018 0.216246969
0.123215201 0.967500824
0.821717279 0.985165798
0.606307469 0.727148359
0.847376738 0.779777830
0.673997095 0.487360370
0.330454672 0.242582081
0.208908969 0.388544003
0.158722149 0.505471501
0.218261183 0.094998172
0.778477502 0.769026989
0.308704580 0.240118378
0.503400142 0.761650431
0.637521412 0.878554270
0.186980987 0.829577945
0.512974013 0.003052178
0.477273452 0.780322783
0.866329183 0.906414911
0.309748100 0.509739751
0.937354362 0.871896191
0.029605588 0.425757668
0.724195242 0.043493212
0.094751680 0.102773133
0.758080132 0.456582082
0.420691041 0.458886253
0.556017043 0.100435816
0.592868115 0.846402829
0.348339949 0.218667560
0.125343592 0.594438629
0.203411722 0.449219853
0.529722937 0.886477931
0.619419986 0.034133990
0.119734026 0.176365561
0.570092305 0.522444416
0.806206560 0.630600333
0.417014296 0.714192191
0.532305657 0.936168088
0.505604243 0.656810190
0.180253085 0.455086555
0.968814283 0.844703229
0.591709683 0.144301377
0.071257478 0.575841812
0.767166479 0.907160929
0.832083015 0.504861041
0.225126373 0.316226396
0.312821656 0.471132478
0.756457034 0.029404110
0.388944156 0.061813637
0.095279031 0.473932481
0.847180246 0.832443055
0.935098064 0.000616863
0.203818815 0.268279027
0.623381854 0.109925767
0.836677067 0.428177813
0.466001999 0.086895747
0.231155252 0.888853726
0.467612274 0.698926552
0.975888756 0.576053202
0.956843071 0.606253206
0.739314767 0.243999128
0.436105045 0.636130605
0.730410360 0.561343496
0.290221670 0.034619255
0.969544800 0.953584223
0.082486255 0.194742736
0.135776690 0.373287017
0.778007134 0.701818640
0.661503976 0.451008532
0.212124385 0.361484505
0.681262195 0.161758808
0.586537450 0.291946187
0.080607426 0.361618762
0.041314384 0.774082043
0.834426009 0.261265811
0.875970211 0.929207695
0.994501104 0.328092348
0.848578192 0.957340247
0.680795843 0.697207899
0.369079342 0.394990544
0.909179254 0.713610515
0.661485680 0.049423256
0.357756573 0.546208571
0.704265726 0.717184227
0.991413217 0.423807987
0.140293208 0.420271979
0.410317492 0.307336292
0.418019203 0.704748321
0.470274977 0.000318952
0.641807868 0.885813673
0.295090280 0.634487767
0.188208211 0.469441019
0.181799929 0.447395464
0.170245285 0.993890082
0.265471041 0.400401657
0.605096261 0.666088937
0.206283818 0.272901046
0.725937287 0.485165956
0.822984677 0.855135910
0.883505430 0.912836742
0.706199125 0.122227285
0.144149679 0.790170202
0.097169275 0.882766330
0.724514444 0.605839465
0.311841768 0.800802511
0.352759390 0.987262596
0.056702441 0.680859680
0.701727597 0.091342836
0.477198182 0.968402624
0.754251615 0.584757103
0.702443625 0.135492881
0.451071084 0.151674807
0.421752157 0.193072956
0.235830458 0.944350489
0.305088548 0.099021722
0.256832381 0.957037397
0.098238888 0.474910389
0.477707951 0.704254177
0.082546422 0.990458336
0.006745033 0.356454301
0.072878003 0.997518930
0.964491838 0.517210829
0.080046752 0.186081854
0.712782357 0.980551375
0.023296198 0.395267208
0.567780252 0.025028926
0.675812481 0.859713619
0.958384943 0.638528524
0.677497167 0.807391081
0.915046508 0.406554094
0.713973238 0.215034945
0.080504048 0.725328078
0.953768585 0.007257464
0.541177465 0.538422966
0.452612239 0.588680225
0.824766128 0.908505690
0.984059072 0.826243250
0.830345268 0.127963846
0.776422879 0.566996167
0.578987530 0.575719577
0.869607832 0.224401253
0.241399190 0.923728112
0.324111075 0.126752819
0.013978946 0.117588147
0.958275026 0.990801696
0.739580758 0.857949548
0.880888790 0.416467350
0.477009097 0.175932260
0.344200162 0.112444117
0.674700883 0.067663265
0.153164978 0.608813240
0.299357358 0.219038821
0.799367400 0.315449472
0.468078425 0.827481498
0.006383674 0.618875485
0.293961756 0.845330863
0.180312361 0.510287144
0.825522941 0.086549699
0.080374109 0.816795493
0.555587055 0.396915532
0.334741398 0.503356156
0.845135879 0.675199855
0.354908459 0.270120935
0.770719705 0.298923837
0.686558516 0.878111288
0.511864607 0.540412719
0.996303160 0.595281202
0.630903121 0.744738346
0.834577206 0.083050142
0.190325353 0.463313898
0.883241367 0.414778462
0.585228266 0.037620680
0.308764776 0.369753164
0.808352951 0.404083209
0.844421681 0.176321436
0.068535829 0.479844856
0.723443138 0.803816547
0.601664049 0.360942780
0.692809949 0.164373853
0.592543549 0.951710076
0.724359771 0.230306174
0.856485454 0.942998432
0.182677444 0.556077219
0.616637814 0.737590545
0.820007797 0.383694461
0.787527948 0.539623222
0.277549413 0.290978854
0.150577538 0.530861868
0.171550454 0.927870431
0.086083412 0.879088606
0.640670979 0.313760568
0.038927144 0.211254440
0.922568710 0.225045740
0.529753640 0.310766755
0.503353511 0.370468691
0.342062878 0.448772935
0.488456413 0.315828576
0.844647239 0.158745693
0.044377331 0.249582922
0.894665191 0.132373173
0.620668988 0.159645247
0.034843097 0.331654791
0.606880983 0.686864354
0.028985170 0.535060575
0.337034227 0.662468405
0.410118652 0.856530320
0.537485496 0.868051907
0.746068082 0.854522491
0.860273304 0.746084958
0.949202584 0.628858832
0.421725150 0.978245627
0.249764679 0.123463229
0.411755579 0.257215235
0.892449413 0.006336130
0.528141438 0.354585989
0.148670764 0.696606270
0.244521712 0.951457782
0.067404484 0.361615845
0.960832601 0.070832387
0.234039186 0.574656480
0.211955628 0.434250079
0.336572691 0.632367761
0.790951516 0.106167553
0.809207128 0.272433899
0.230107874 0.393786001
0.063125628 0.435287498
0.262314522 0.534393854
0.049086814 0.448223677
0.803918840 0.728199139
0.604528799 0.034779074
0.852432721 0.042719988
0.424351315 0.455349546
0.577926064 0.846709085
0.472930384 0.274396791
0.150276253 0.963934040
0.158593359 0.720826255
0.895731772 0.239103588
0.206083580 0.027408910
0.945252285 0.673946845
0.049895075 0.092435461
0.914772065 0.446679270
0.522751552 0.559901008
0.214298667 0.150649868
0.671351311 0.959106559
0.337435987 0.378029490
0.760065239 0.878383444
0.414555005 0.592477951
0.194650226 0.307932520
0.647914652 0.591615712
0.489294086 0.340871755
0.986658485 0.649153693
0.402482603 0.578859844
0.144740041 0.188663036
0.241344854 0.813870782
0.416068871 0.184056328
0.948928323 0.636643248
0.478832059 0.409894899
0.055573760 0.539182651
0.045433662 0.460714300
0.188445190 0.984718748
0.731289709 0.822255151
0.535581059 0.276083898
0.619135190 0.758843442
0.499616655 0.850464523
0.497334763 0.714232042
0.916999791 0.358759882
0.960523068 0.734288215
0.610072130 0.519581275
0.925235719 0.202128646
0.562389262 0.625800684
0.908549079 0.089015420
0.545678906 0.810453637
0.809016298 0.006126638
0.388859635 0.503787646
0.297965949 0.149890474
0.050741179 0.071605274
0.682799770 0.138512938
0.806972296 0.956107594
0.600435914 0.769744570
0.812746005 0.694179748
0.007106167 0.042589639
0.007950087 0.607366883
0.518653024 0.777834106
0.797015677 0.006490026
0.630863799 0.916954735
0.771734004 0.012383941
0.944684967 0.491442310
0.382747257 0.446144499
0.495349462 0.322735861
0.861742409 0.116798159
0.346502816 0.568593425
0.824482885 0.356451274
0.501929121 0.865449708
0.900646971 0.043996127
0.669455617 0.518307168
0.291562554 0.584649064
0.206486114 0.587118441
0.498867733 0.235775079
0.518726035 0.513513527
0.918075080 0.395148487
0.044593043 0.545988443
0.307368607 0.983696369
0.157146050 0.336118648
0.278928434 0.808157992
0.700957257 0.004075787
0.445917119 0.599611233
0.365107496 0.419658447
0.509579349 0.156334580
0.843989085 0.375811373
0.331192762 0.147705850
0.677508465 0.360504240
0.398895146 0.508900932
0.760141027 0.102746478
0.038092994 0.290648396
0.000930911 0.289182434
0.715577067 0.254379655
0.853305800 0.083752164
0.620786205 0.222260980
0.529190122 0.532215494
0.537451131 0.816504998
0.547636217 0.162781094
0.255481989 0.814452208
0.884431878 0.985625528
0.723121319 0.707186437
0.793275059 0.389032942
0.576823850 0.075590064
0.983247301 0.673734480
0.545920448 0.278255633
0.086355220 0.410435229
0.582272888 0.924917308
0.805700482 0.874534774
0.088940802 0.039763402
0.157483649 0.541745398
0.640212313 0.688029177
0.751460175 0.171771460
0.015807507 0.002455989
0.117676680 0.124758958
0.592624798 0.802324850
0.462430053 0.707698286
0.114297430 0.465711536
0.579754850 0.844363406
0.120423758 0.145103847
0.482169336 0.587359826
0.928526635 0.810145293
0.465956428 0.344076718
0.390702922 0.030609181
0.094056138 0.055425543
0.219113814 0.154537417
0.572720442 0.769625028
0.293527639 0.977648756
0.579458235 0.517754210
0.577322534 0.544420973
0.573622055 0.574780430
0.387365114 0.223986034
0.484912783 0.497613163
0.108209837 0.499617846
0.466519859 0.159100287
0.958474336 0.094679585
0.751093415 0.492024091
0.368790719 0.207014266
0.432383515 0.705797807
0.269301906 0.033639102
0.590165869 0.517034785
0.483629904 0.975092014
0.961083261 0.413731081
0.923155501 0.337851320
0.884239450 0.024679389
0.347864790 0.812110103
0.746097799 0.604867226
0.210189465 0.694582234
0.440109414 0.688047717
0.455063794 0.099603247
0.905277441 0.409847734
0.588934438 0.047591248
0.656921240 0.234733074
0.713618462 0.715214650
0.487627052 0.843635432
0.938994486 0.188841360
0.528812982 0.588596984
0.737457694 0.305939992
0.510485638 0.441915024
0.025219382 0.036320453
0.648825799 0.274695414
0.565978182 0.790042454
0.371710824 0.468585724
0.115633418 0.296775641
0.950124592 0.486005326
0.854252466 0.169299382
0.140266632 0.736046747
0.991830567 0.723011397
0.445422500 0.906429842
0.587335060 0.838838595
0.273500211 0.812620634
0.488630001 0.150315120
0.735574089 0.814227771
0.556783292 0.772149127
0.178091673 0.379841879
0.880285767 0.513498480
0.159697346 0.694372390
0.322710576 0.730715993
0.101593678 0.486843527
0.333182734 0.736653633
0.522187794 0.476360173
0.335393880 0.571590280
0.458550687 0.122631406
0.567264063 0.421892238
0.989029693 0.808549555
0.329512367 0.662124577
0.029933430 0.452070529
0.717663779 0.792515499
0.351385312 0.284533721
0.992285964 0.700656252
0.244525758 0.572735902
0.897440084 0.620411342
0.454146584 0.048824580
0.318268218 0.939004517
0.828007819 0.557956593
0.380037734 0.033447455
0.614060517 0.976602532
0.962437795 0.480857935
0.478811453 0.451357066
0.130156123 0.896523355
0.796177188 0.723848689
0.137499388 0.587087847
0.218544908 0.265803286
0.270571499 0.947865755
0.771061464 0.210298296
0.846027266 0.553162689
0.374027337 0.089210593
0.198792142 0.749698603
0.695834147 0.667479130
0.946126260 0.422702844
0.401945441 0.446732795
0.960787165 0.350640856
0.999701788 0.770796495
0.571879067 0.878618120
0.819465324 0.685963522
0.850115916 0.820238872
0.117679487 0.001490279
0.643043201 0.730123924
0.382258585 0.721690734
0.211331924 0.790526212
0.943567169 0.224105526
0.318309065 0.480449683
0.098000832 0.936734568
0.541874578 0.779522517
0.110191352 0.200999778
0.558053356 0.316978129
0.857618151 0.426403318
0.988036334 0.503498826
0.535499281 0.157798135
0.283121493 0.208083861
0.358210165 0.713948686
0.778398413 0.264511614
0.234597284 0.000047544
0.446828261 0.145268456
0.555396227 0.768016285
0.893038458 0.007224390
0.545496219 0.492752429
0.467652138 0.022285534
0.950331364 0.456958210
0.615806196 0.815140599
0.743460516 0.946859279
0.239727832 0.775272808
0.443323390 0.375423612
0.769902814 0.097655146
0.906779813 0.610956511
0.279600528 0.149821619
0.642801992 0.329957217
0.603578736 0.259457861
0.832606282 0.241489388
0.738556049 0.560108639
0.890285957 0.352898210
0.581809848 0.332691418
0.113639161 0.276987920
0.578091631 0.440705562
0.856913995 0.419965502
0.929657241 0.303656057
0.566947622 0.639168432
0.127846123 0.789069597
0.651088664 0.921654797
0.392230862 0.475660249
0.262153602 0.714478595
0.866677558 0.958550021
0.395297879 0.642070314
0.918406877 0.648221153
0.937540331 0.237497562
0.442035194 0.778542198
0.919608577 0.741257867
0.305497390 0.718403344
0.817797049 0.830137976
0.019332359 0.361191665
0.007072258 0.868096092
0.819007109 0.029970170
0.034257293 0.947328450
0.422063313 0.402398095
0.157252662 0.105938508
0.576316074 0.003335889
0.963743450 0.101546480
0.307599381 0.880150539
0.109392416 0.131229287
0.772987720 0.093178812
0.622775106 0.963571623
0.106896535 0.809453454
0.782865885 0.793843664
0.193110269 0.487251002
0.864910057 0.438384435
0.783548464 0.474844265
0.955186596 0.116507340
0.391259247 0.175272307
0.948885604 0.178248486
0.214080070 0.013972633
0.553371442 0.219269498
0.223482413 0.891919826
0.090232508 0.905988510
0.358669688 0.077921101
0.319955001 0.690269453
0.993474199 0.990953014
0.801669841 0.638143137
0.355996350 0.769712884
0.711971127 0.627588886
0.405659795 0.756104745
0.711691603 0.462067228
0.601580639 0.094961872
0.491162303 0.787958319
0.601632501 0.356341190
0.192009116 0.594836803
0.974609887 0.207572542
0.697018467 0.349692410
0.976725686 0.831553170
0.694921776 0.908825608
0.952175242 0.363245838
0.366273702 0.935185001
0.175275981 0.239272097
0.549373231 0.880139092
0.305918785 0.868641269
0.924007541 0.247817109
0.331707092 0.438016750
0.888995730 0.547858708
0.785881359 0.091942724
0.579680331 0.135927425
0.090086089 0.143151564
0.122186246 0.630309296
0.013347271 0.370002416
0.453834265 0.947587633
0.505397435 0.241201732
0.906941260 0.720101258
0.991500894 0.053499592
