0.345837871 0.042143581
0.485653161 0.519034401
0.059967212 0.546993102
0.102373708 0.374530779
0.711695957 0.494706528
0.612431380 0.265471014
0.234347680 0.150281352
0.353221838 0.583587285
0.576626112 0.402045532
0.535624414 0.582108985
0.590576051 0.127172131
0.212143006 0.378974875
0.504770816 0.049298872
0.107133333 0.711659416
0.805776643 0.864025854
0.274413498 0.395681895
0.436086443 0.369149325
0.289501055 0.533470180
0.144181025 0.556601127
0.302899836 0.927403781
0.350143031 0.260495642
0.472165661 0.347066950
0.138048634 0.858040447
0.753145616 0.169619723
0.995986789 0.075443951
0.699211765 0.128788788
0.449126834 0.122442605
0.554465739 0.884143292
0.744999853 0.794090385
0.795618234 0.865489376
0.576035035 0.362013200
0.039448482 0.864635671
0.602400261 0.442455916
0.687424854 0.105260699
0.831225374 0.672895813
0.512994794 0.026479335
0.043760341 0.513734924
0.738401442 0.820652054
0.514891387 0.635873904
0.755435394 0.897183915
0.446686379 0.838704314
0.509882059 0.919263981
0.070211060 0.092525209
0.948254215 0.144787772
0.851140983 0.128406762
0.962197377 0.603653977
0.712936337 0.323386753
0.278046962 0.872450227
0.292884263 0.552507945
0.366782325 0.979392540
0.087369869 0.741210383
0.153569127 0.858607456
0.238549300 0.586353878
0.014084247 0.022637785
0.035433110 0.958123623
0.352519229 0.280187040
0.040943966 0.532449698
0.812125500 0.637526488
0.220714263 0.956918772
0.494673038 0.510132015
0.828614303 0.070224943
0.848953890 0.614080048
0.727613187 0.566189335
0.500359527 0.061054108
0.417305022 0.220328143
0.654661283 0.387113664
0.829157085 0.986240082
0.736234482 0.862006997
0.747935039 0.727340031
0.793766979 0.300699256
0.493243089 0.469411510
0.022482717 0.545078591
0.591632117 0.579745120
0.701475296 0.029149057
0.235332373 0.345191532
0.358483795 0.767270309
0.805482308 0.499216831
0.892241518 0.046785954
0.182576874 0.056439238
0.176349951 0.794649825
0.263886611 0.798796086
0.580776014 0.536315225
0.701873091 0.184876082
0.528301516 0.598314524
0.319101483 0.124020988
0.881455745 0.189947340
0.092931714 0.065970277
0.582474947 0.626869988
0.279693616 0.270925019
0.587044260 0.237878553
0.635455590 0.684671102
0.584255742 0.684258728
0.650995270 0.879152236
0.359803370 0.542232520
0.672548821 0.764712222
0.950235159 0.580363599
0.096623274 0.195185171
0.971456528 0.030159830
0.789189216 0.476129052
0.077064522 0.343373790
0.401205576 0.351580839
0.056903696 0.204529656
0.677639218 0.802297088
0.691179340 0.103237838
0.698679465 0.630939339
0.095009750 0.562758550
0.431627320 0.751026131
0.645545421 0.516049799
0.271682299 0.647120527
0.913322623 0.960714127
0.476119672 0.199752853
0.883505434 0.633597213
0.487048546 0.564587216
0.784582292 0.327604432
0.587322173 0.217963993
0.703266797 0.387203608
0.253560075 0.187449359
0.272966064 0.204341694
0.935278077 0.267573300
0.824304496 0.490551484
0.624377403 0.648674210
0.449450653 0.452193473
0.823873446 0.993984495
0.083623233 0.636310774
0.228206210 0.790665317
0.239960699 0.060383776
0.320897765 0.039264732
0.121723338 0.026127217
0.716264602 0.699476733
0.115800961 0.080084177
0.326469863 0.431615950
0.323447796 0.295320155
0.853215173 0.640913989
0.739466371 0.610076432
0.755053474 0.611853222
0.750057148 0.661389993
0.308666992 0.141303358
0.475073987 0.098198167
0.909732206 0.098484328
0.689402096 0.684145603
0.002025681 0.556308806
0.894299597 0.321376498
0.669092045 0.735686820
0.486252588 0.865043529
0.654114783 0.830171570
0.562310524 0.271051055
0.812156493 0.133374149
0.995216697 0.050176443
0.496501011 0.509490209
0.041547642 0.645237789
0.733634955 0.756595419
0.364103652 0.389755955
0.003314576 0.752793105
0.173646992 0.809914101
0.532386035 0.909741516
0.340217839 0.400286514
0.635185780 0.462202777
0.252140552 0.964714690
0.531460789 0.311322164
0.527444025 0.263640543
0.661009001 0.639672580
0.431785263 0.764831839
0.994155048 0.615914523
0.694622213 0.374869577
0.374812583 0.149409583
0.894948071 0.575556382
0.808695774 0.385112250
0.553024336 0.952307169
0.012840517 0.807739716
0.566366004 0.233629562
0.846926578 0.134885609
0.045596737 0.613533237
0.742969372 0.031682422
0.417412397 0.575245497
0.556725542 0.461484681
0.395287682 0.693600246
0.042860393 0.285335286
0.911612292 0.559487296
0.793781636 0.615725530
0.408768526 0.449486619
0.918435090 0.188127576
0.660182878 0.846730062
0.682667198 0.551991428
0.608283005 0.209116096
0.868164915 0.157026978
0.519103964 0.312067628
0.533826657 0.591374389
0.444590530 0.367977179
0.063105032 0.059921006
0.229780319 0.009501772
0.847201596 0.475481404
0.132720554 0.007490878
0.369730234 0.308276121
0.829452150 0.253238697
0.998480606 0.693893591
0.547270941 0.234177159
0.147371015 0.733107379
0.314094200 0.801857730
0.376968887 0.845062052
0.658526240 0.710498852
