0.555578572 0.513202996
0.984729814 0.135647532
0.183902827 0.926459812
0.448895887 0.488920812
0.119902625 0.923114016
0.424405955 0.527413216
0.418111122 0.366158467
0.772908724 0.464639607
0.196644254 0.091752165
0.560426718 0.867413014
0.138579221 0.754616887
0.071709639 0.584055097
0.543692403 0.624692571
0.416881056 0.858091189
0.894913514 0.222847855
0.787516964 0.834730701
0.908297654 0.282338213
0.688962293 0.323013057
0.554491150 0.052650457
0.658450620 0.822529387
0.488379794 0.515942592
0.417339648 0.260363285
0.226704940 0.593371200
0.623504661 0.234142032
0.527210332 0.062494725
0.766360273 0.789930283
0.083463468 0.330693532
0.762991867 0.478936668
0.034108797 0.316518607
0.873489311 0.290772438
0.850733083 0.794786787
0.536000688 0.907037570
0.647992774 0.160401819
0.551223851 0.483437749
0.203340306 0.888121105
0.388498730 0.746803247
0.301536373 0.970141589
0.895295195 0.049977122
0.363023936 0.747351970
0.841472173 0.667238472
0.100440988 0.577497458
0.463271218 0.053740898
0.295279548 0.762615415
0.995723139 0.730036170
0.939300089 0.114819992
0.438194618 0.563550022
0.747836918 0.070787195
0.259037936 0.249105814
0.438640217 0.558294058
0.899762281 0.700439514
0.587034567 0.062825326
0.696659180 0.144851026
0.594361204 0.491317230
0.226264168 0.433862596
0.776921985 0.642173581
0.275212037 0.370252020
0.956557285 0.449633409
0.116320917 0.697773496
0.333125365 0.606952616
0.563510843 0.886693223
0.417667971 0.437574918
0.249749622 0.003415394
0.618796053 0.360100446
0.491870045 0.216427844
0.961597162 0.297579533
0.198754687 0.297715746
0.203937044 0.632357752
0.912112636 0.337167403
0.797587620 0.587432485
0.465300519 0.170683799
0.369541304 0.839875977
0.590944548 0.873720656
0.697322425 0.181447990
0.892380092 0.339323978
0.771703175 0.982174202
0.914258736 0.121936724
0.736453857 0.732913859
0.533764310 0.228560036
0.135997149 0.575356111
0.573411874 0.136458724
0.762860017 0.931566320
0.147524809 0.340034323
0.979809975 0.243745692
0.317081774 0.740627297
0.903210241 0.455275178
0.532483519 0.681570890
0.294964222 0.884636226
0.260207910 0.828302559
0.874196269 0.840073617
0.423828087 0.884114348
0.152053019 0.446088951
0.263485319 0.853182383
0.507440025 0.481368079
0.956903083 0.805871275
0.952284268 0.512868560
0.164846385 0.965388623
0.500307236 0.299967208
0.239117294 0.681471880
0.641249873 0.909825550
0.243265167 0.539420115
0.194062731 0.021700697
0.382929699 0.421858677
0.287135326 0.780583674
0.701633778 0.067905381
0.400097694 0.003788051
0.799235122 0.296620761
0.189174361 0.178762796
0.742428186 0.687590893
0.931244518 0.489663754
0.008968926 0.997418734
0.354184691 0.584048392
0.308736976 0.372694241
0.586503568 0.523429450
0.749238972 0.362086636
0.249864037 0.669846633
0.046676406 0.513964357
0.156790513 0.231436867
0.798456729 0.715744307
0.792623034 0.906162892
0.332901943 0.844518160
0.965886992 0.062674819
0.110442373 0.833214734
0.464365095 0.002967284
0.054050224 0.930004389
0.599957202 0.750291074
0.052795990 0.923701189
0.807488662 0.452722100
0.844705649 0.931791057
0.566360457 0.537622069
0.173108524 0.979706293
0.550916459 0.719842277
0.127605277 0.442232813
0.566353205 0.081782454
0.972903758 0.055687893
0.156718530 0.260751585
0.560732092 0.322809558
0.093349951 0.341999284
0.282903091 0.848044406
0.002955677 0.729929153
0.462359045 0.690318067
0.195315478 0.800758992
0.716192836 0.547517134
0.326277437 0.709872247
0.298842613 0.624854672
0.335720023 0.907774407
0.935456420 0.312750905
0.434281210 0.618533548
0.102840647 0.674517783
0.316407831 0.948431829
0.451458089 0.324448506
0.912824599 0.576391020
0.225450114 0.670093084
0.046265292 0.657935424
0.878825548 0.326414176
0.893544336 0.358752352
0.530338675 0.641339454
0.023081507 0.301547706
0.132458873 0.412860776
0.655631672 0.500708766
0.131226362 0.507131349
0.829026030 0.720353190
0.082581882 0.075452199
0.609538211 0.101517193
0.226116982 0.461355560
0.199405337 0.775979142
0.310066302 0.211384948
0.341324048 0.587049555
0.957193198 0.505211871
0.418552796 0.119102865
0.027052271 0.892784180
0.291968059 0.877032851
0.953463998 0.291386978
0.827881085 0.680260876
0.908720619 0.988245017
0.684146815 0.489831447
0.004580483 0.599176228
0.772454618 0.504754744
0.587876887 0.763337377
0.314736278 0.043168188
0.850917882 0.068620562
0.558271670 0.744153890
0.164225240 0.199662694
0.039125205 0.061698589
0.556705109 0.611678632
0.263946655 0.407824279
0.836464089 0.586147257
0.944310986 0.561867529
0.647789703 0.781577644
0.970489789 0.559537056
0.429907100 0.131690201
0.384158088 0.186271603
0.715429394 0.105405629
0.541595249 0.387123630
0.496957443 0.769901211
0.573400242 0.207893448
0.696931619 0.227166470
0.303211038 0.663522934
0.408766553 0.366621279
0.771129039 0.220041684
0.051461687 0.436503000
