0.988374386 0.658638372
0.582705763 0.505092877
0.785915871 0.917251262
0.599658448 0.586819494
0.952164079 0.548016695
0.278889007 0.018353628
0.268149824 0.304698567
0.344842925 0.442296813
0.669353178 0.913628856
0.190706828 0.840883842
0.257857282 0.820257084
0.914443325 0.759412445
0.965127620 0.684813661
0.352950680 0.106375103
0.176915971 0.587149721
0.029947185 0.062680560
0.326672914 0.325131237
0.278772605 0.226470643
0.575393161 0.060310606
0.065430000 0.968101402
0.211750267 0.703284470
0.918081015 0.729257128
0.808817419 0.315243687
0.618594488 0.396506281
0.791464355 0.942920961
0.090243496 0.516099291
0.194778272 0.320180321
0.083608348 0.247382365
0.482360902 0.657833294
0.211511226 0.379477462
0.145592399 0.448566470
0.883708832 0.172672518
0.319030420 0.339403400
0.935012300 0.201931485
0.578488933 0.113908279
0.082415738 0.842315580
0.754193198 0.744721481
0.072725042 0.125583631
0.568623700 0.676598433
0.533842509 0.972068516
0.967455236 0.158611143
0.371940604 0.565714297
0.779070047 0.642008192
0.766491131 0.646870892
0.321848026 0.034890818
0.586118304 0.882781161
0.333126235 0.984454329
0.447114412 0.211924746
0.304839995 0.072764500
0.653748125 0.786070455
0.569503324 0.316256934
0.666244411 0.455438516
0.026000973 0.001747229
0.936401821 0.190758843
0.586378707 0.630951271
0.135769322 0.796726470
0.452822605 0.978936738
0.174972134 0.241315453
0.214658330 0.050382748
0.806657381 0.253898411
0.590621640 0.661139753
0.123587438 0.763212168
0.143764418 0.767759247
0.165328231 0.438194755
0.595628239 0.858034935
0.888831334 0.611244049
0.213335133 0.888921929
0.944530912 0.719545212
0.686145696 0.804185941
0.933184232 0.550664368
0.569203785 0.876606750
0.409166124 0.806275013
0.882840946 0.839644131
0.970003221 0.186708852
0.677198756 0.399585663
0.392040622 0.554341604
0.975423786 0.360231515
0.461418142 0.155098975
0.520247517 0.669455986
0.237831984 0.442275338
0.957501232 0.709402853
0.758445957 0.752079242
0.257894662 0.298906274
0.234586446 0.599195813
0.129364107 0.018810126
0.998477127 0.456731007
0.344577442 0.680183644
0.772140138 0.189768630
0.640950679 0.108979424
0.748695548 0.129138415
0.804233857 0.548731737
0.274593723 0.447362192
0.312225549 0.967211472
0.423276788 0.167280296
0.190186137 0.162535272
0.311229849 0.477800982
0.061408716 0.331563175
0.820888865 0.784779655
0.602900293 0.487403596
0.848219341 0.207290008
0.551059758 0.038681087
0.768190626 0.337856765
0.282605892 0.431211870
0.465289942 0.386813788
0.356854134 0.379693299
0.097374455 0.721595508
0.714456894 0.004563767
0.705384683 0.448639654
0.735216131 0.951264923
0.053486219 0.762251069
0.417302673 0.786168688
0.925353423 0.196594468
0.684335615 0.833367207
0.117750152 0.506704346
0.907553350 0.077148269
0.457192153 0.981910013
0.532247498 0.894956604
0.058862294 0.690326459
0.807478879 0.868369349
0.930930433 0.815318605
0.483128888 0.890121870
0.791285540 0.952584339
0.135428997 0.080086263
0.118570761 0.589949464
0.104241482 0.132070306
0.619918880 0.584001277
0.192015953 0.625751402
0.096251956 0.840925714
0.064500498 0.362614784
0.695533833 0.550309925
0.471548693 0.735328964
0.165608760 0.976618331
0.875414319 0.427815498
0.248658756 0.648511648
0.632098459 0.546986524
0.634037342 0.608449083
0.800105438 0.810368003
0.660639604 0.323386181
0.496870084 0.325643067
0.672699151 0.224412861
0.101346932 0.568117249
0.328344887 0.244735406
0.539431253 0.263998592
0.063370479 0.822791992
0.561522399 0.286853366
0.158603923 0.497561707
0.719626849 0.453400871
0.940461942 0.258024856
0.215277174 0.975795249
0.291803535 0.634085991
0.910094509 0.216481040
0.814688073 0.106396740
0.388164724 0.183344318
0.815455889 0.014632654
0.053145314 0.656313357
0.518535590 0.379430177
0.173494055 0.325897276
0.262204134 0.581836385
0.221168053 0.842613068
0.642958937 0.992036499
0.142785264 0.262481555
0.254649235 0.371476456
0.683398777 0.371820168
0.313959679 0.996741218
0.877598235 0.949075861
0.925364191 0.262345402
0.401860144 0.664828810
0.543938660 0.947487702
0.309541752 0.484542091
0.254235526 0.959048447
0.845777136 0.546164800
0.475760235 0.318141505
0.998238441 0.959244292
0.277241965 0.874140362
0.187898205 0.160387764
0.185769760 0.083636824
0.460840563 0.738548013
0.774866754 0.364536287
0.601597243 0.212809277
0.404296565 0.986170222
0.434479566 0.348520650
0.158383997 0.557351189
0.500143326 0.206242855
0.213636829 0.609183699
0.786186106 0.753104375
0.743390670 0.689498684
0.416638042 0.522501257
0.648555057 0.327377221
0.619462151 0.517328270
0.610647355 0.675734656
0.258254876 0.537573082
0.571546092 0.539232953
0.448861091 0.946540738
0.932168719 0.773930397
0.276702021 0.627080538
0.000394071 0.445044140
0.996423554 0.581354953
0.572703148 0.916440300
0.304549483 0.290332185
0.064190946 0.933216670
