0.419915491 0.951086093
0.969149784 0.734372446
0.885089142 0.038104021
0.469827944 0.214241773
0.057173063 0.658501406
0.232192995 0.572309959
0.066713051 0.485289562
0.205922032 0.661622843
0.119719661 0.478853000
0.778559215 0.977921271
0.808891489 0.742948184
0.842044712 0.856281984
0.308818289 0.084430824
0.525903882 0.321941216
0.710091532 0.057426689
0.207830443 0.924053046
0.067095170 0.705254289
0.735582260 0.507205091
0.913221850 0.065097847
0.989790972 0.468952456
0.680817475 0.270810119
0.781270932 0.780179397
0.768491716 0.188495965
0.046610439 0.361150881
0.342938002 0.085691048
0.890967150 0.025130637
0.482523618 0.500834798
0.642664531 0.069221464
0.941054568 0.375008504
0.094050957 0.410229142
0.916245591 0.953148833
0.232986268 0.477971466
0.658709500 0.214336270
0.045168522 0.178715055
0.250143084 0.911603752
0.566489466 0.682881985
0.214490925 0.909893056
0.209987923 0.416222304
0.994298255 0.235522365
0.316096782 0.998322269
0.459961295 0.193060679
0.120221964 0.762923873
0.041843860 0.425094805
0.850898464 0.965489015
0.739662453 0.656834433
0.003828948 0.080631152
0.349806450 0.002349177
0.294147350 0.606410589
0.179969530 0.074802825
0.278114720 0.128847909
0.528450059 0.520772824
0.157309209 0.098549634
0.108526638 0.638052402
0.589575181 0.206935283
0.409316063 0.715688409
0.979326953 0.756531418
0.055629799 0.410561506
0.634411441 0.870404789
0.495154278 0.512954825
0.454310181 0.660787212
0.288777975 0.382316952
0.742497769 0.119496704
0.183216383 0.880565349
0.137631394 0.186708951
0.961850084 0.548670767
0.526655062 0.084017213
0.730082432 0.786473537
0.240213363 0.584887454
0.127036081 0.776683684
0.569647000 0.549944397
0.532342838 0.332292831
0.211502015 0.006067855
0.491302471 0.167208939
0.876830553 0.786387162
0.010431384 0.620014995
0.292888486 0.321817750
0.042416252 0.532864036
0.699349942 0.086160764
0.871789760 0.902838750
0.661532689 0.279683001
0.623353210 0.456773395
0.357652411 0.158600037
0.474938527 0.181670185
0.458357763 0.820030532
0.366574547 0.374504488
0.158773633 0.830676117
0.425060431 0.317713446
0.001174139 0.867573382
0.887925030 0.910821579
0.249029462 0.018345544
0.423941171 0.537212422
0.554803836 0.203996578
0.797789034 0.428515365
0.659430576 0.881634901
0.333673391 0.872810042
0.116610504 0.773938920
0.324154611 0.449602963
0.833921973 0.229176678
0.409260045 0.828291545
0.425643945 0.716653740
0.859888334 0.233521407
0.783718883 0.903309034
0.851508982 0.828069959
0.859250609 0.614537810
0.146640346 0.601044239
0.495812537 0.421126207
0.737827722 0.022411356
0.988228527 0.675705064
0.629428045 0.279324841
0.023522649 0.757094078
0.082965126 0.458886125
0.349703933 0.978404810
0.680653155 0.862255807
0.319327291 0.060279147
0.820605510 0.447748653
0.181124558 0.500279056
0.895476081 0.687973735
0.823571273 0.082460529
0.083620292 0.969843879
0.575015463 0.769168771
0.212780449 0.377038435
0.391362650 0.258486799
0.393304860 0.842854764
0.078932253 0.810283120
0.049327894 0.317002443
0.267656969 0.195668540
0.506895951 0.884200000
0.012939883 0.797077438
0.479018716 0.384032242
0.477226373 0.045071805
0.127205705 0.448027015
0.938527337 0.193924337
0.522693669 0.529136403
0.205276815 0.538878326
0.120545214 0.473501948
0.706681552 0.354674735
0.183567932 0.012058706
0.384642346 0.967125011
0.617271478 0.649031205
0.038424981 0.123983971
0.676130150 0.214428672
0.828100369 0.555947073
0.395052451 0.036589707
0.092044423 0.679560865
0.331556924 0.925312514
0.654094139 0.092248011
0.715635137 0.917659539
0.386176643 0.878845374
0.931277764 0.632217380
0.586005932 0.918736602
0.424345096 0.840328192
0.448682618 0.048707238
0.500166365 0.458324854
0.441696296 0.122307090
0.368858235 0.879515258
0.328483736 0.884863192
0.573192023 0.341423276
0.651093231 0.442905837
0.468411515 0.779132242
0.901666316 0.783155758
0.080494020 0.209517527
0.666477625 0.845776625
0.138131022 0.695085944
0.360013216 0.333329904
0.171441848 0.702251513
0.222033440 0.524354750
0.540049441 0.351873548
0.199942522 0.778424278
0.259894392 0.326644538
0.321082151 0.515109192
0.135088836 0.737640362
0.669083092 0.322583230
0.501690491 0.232184837
0.877032944 0.731274780
0.305931527 0.287073811
0.445372484 0.183033429
0.672594099 0.764519555
0.179427223 0.012475406
0.400486312 0.278397203
0.029090467 0.797013778
0.430404560 0.729049865
0.976047294 0.798895761
0.280340200 0.094611586
0.673173302 0.034003495
0.824999766 0.325542571
0.042457279 0.849482703
0.925482065 0.892650471
0.332481821 0.472838597
0.708262041 0.684039791
0.915321679 0.960602606
0.231961006 0.485582023
0.521591628 0.118108631
0.015880904 0.856380444
0.895757189 0.823934404
0.281248672 0.131719969
0.268078073 0.085767883
0.065106982 0.422394576
0.922620111 0.069688535
0.518487996 0.660148871
0.004260466 0.512527561
0.718203930 0.284567366
0.910694600 0.905302076
0.763361045 0.543523461
0.256208548 0.667162951
0.656946497 0.783566004
0.440865336 0.823445307
0.881832876 0.637710980
0.549125224 0.712678238
0.148173029 0.666795615
0.378330792 0.531255061
0.679738750 0.206921375
0.155284589 0.677946717
0.877337240 0.529900353
0.490822546 0.672243960
0.825976722 0.228301851
0.860572985 0.013082525
0.249958216 0.194573935
0.177631162 0.668558695
0.485506866 0.908615641
0.712545371 0.930319039
0.485382429 0.978590414
0.916307956 0.175215240
0.400851610 0.804020966
0.554733332 0.459593676
0.619029130 0.520388776
0.070418986 0.525870398
0.200747554 0.544902839
0.556149659 0.681229751
0.004278186 0.212545731
0.840040500 0.407913464
0.375172277 0.014934780
0.926072480 0.339130261
0.673945709 0.154097216
0.547474032 0.680980212
0.073606809 0.001068845
0.939016856 0.972204073
0.534558814 0.203665152
0.172470714 0.498036045
0.681581291 0.931375070
0.414037897 0.122172666
0.821308704 0.269394559
0.077674602 0.281856813
0.316671079 0.175807924
0.265446915 0.733051563
0.735952017 0.284625827
0.615964125 0.202648427
0.074575191 0.727177447
0.426685695 0.980383346
0.959781857 0.361720977
0.930807584 0.667599756
0.265717738 0.110072512
0.781573820 0.261453308
0.809973376 0.466987104
0.840105607 0.154812749
0.848330175 0.091266750
0.548247237 0.216921923
0.305598039 0.194783868
0.288336218 0.373615336
0.702533598 0.196976744
0.137361718 0.215596291
0.083306113 0.514516112
0.679073441 0.563018487
0.871273038 0.336130830
0.273250437 0.361044651
0.748380198 0.032085203
0.036891679 0.126672067
0.918847749 0.717974680
0.553841098 0.722934376
0.793870129 0.960999993
0.487288785 0.805895346
0.855966210 0.401307001
0.529756804 0.391597973
0.031011967 0.175141669
0.958704679 0.847351570
0.042879962 0.084687988
0.886313261 0.254360002
0.249275665 0.177016087
0.753896509 0.644353174
0.492588498 0.790005471
0.315554027 0.537396215
0.243803244 0.424784752
0.207727908 0.817697498
0.237437759 0.420152229
0.448289129 0.289020300
0.107880157 0.212362867
0.427677237 0.273564985
0.026739046 0.318392270
0.577816294 0.369078295
0.935883225 0.406930741
0.190584871 0.320327454
0.267662925 0.167204274
0.469985702 0.121059247
0.403575341 0.179698328
0.629647538 0.733219031
0.271833910 0.539646974
0.067554541 0.166726382
0.575588570 0.583729702
0.606038166 0.643618352
0.957709375 0.705737948
0.918227121 0.272242582
0.319978895 0.428370872
0.310400764 0.738570976
0.021557860 0.622032919
0.953401366 0.315677303
0.089079145 0.954402417
0.121135795 0.630374320
0.227138109 0.112314407
0.555950821 0.159690977
0.481791672 0.880048238
0.768249219 0.151237751
0.214157326 0.271100820
0.662095683 0.664075501
0.784488657 0.267314630
0.235182047 0.189386505
0.066076460 0.662322960
0.138913951 0.694774132
0.690163813 0.791216542
0.227625349 0.053544339
0.961246282 0.511060220
0.882005391 0.542846267
0.743198599 0.320481226
0.890702363 0.023673843
0.883897278 0.968173145
0.976533403 0.129359052
0.095510504 0.638988116
0.983496773 0.059649652
0.982963664 0.775422134
0.096611317 0.797344089
0.170086644 0.186839439
0.652824569 0.456887132
0.190348982 0.862725706
0.974144974 0.274996902
0.535916543 0.681808949
0.430470577 0.542855815
0.813899592 0.536611180
0.971083575 0.143191689
0.961883430 0.802903574
0.125177612 0.045880556
0.576532948 0.653067414
0.194272425 0.963058512
0.672678401 0.223536727
0.056544151 0.181075400
0.822519339 0.312226165
0.768477312 0.449416284
0.390383369 0.583777041
0.517916996 0.429683253
0.395378178 0.724006524
0.151975323 0.146093810
0.542652209 0.417355402
0.416155423 0.632191495
0.186189983 0.636840138
0.159647871 0.919662331
0.902490338 0.898875187
0.443248041 0.314942712
0.635013679 0.976493717
0.450110666 0.272664519
0.354724722 0.615451130
0.931394137 0.822913687
0.519620177 0.497763329
0.784965221 0.024813017
0.018850951 0.280523131
0.094952435 0.938467295
0.228425399 0.934581369
0.207393245 0.980750989
0.320095214 0.898472120
0.346955366 0.403876668
0.303608355 0.249997814
0.000751982 0.366967177
0.940127316 0.504962964
0.655805919 0.262048826
0.681978126 0.232782844
0.122663026 0.915180543
0.697045399 0.489558058
0.159961503 0.337768369
0.982526153 0.747372710
0.241687841 0.004114059
0.640337722 0.242955955
0.448536378 0.154331856
0.415938820 0.746220057
0.062777240 0.118673586
0.898515316 0.323764997
0.997465716 0.529314291
0.975579227 0.060252125
0.492723231 0.306427551
0.090432650 0.096447101
0.542577910 0.307285186
0.469310309 0.329797142
0.521485109 0.959318692
0.183373710 0.222885570
0.326548972 0.226222906
0.061061881 0.086873276
0.198154852 0.893422658
0.390537664 0.514538934
0.244808937 0.079487987
0.145285137 0.721827923
0.509440830 0.392022800
0.583882489 0.585869802
0.551586224 0.734245898
0.121012485 0.291678452
0.675213682 0.004733671
0.361346205 0.360747489
0.575985687 0.629062936
0.628737944 0.061041315
0.261554243 0.632179251
0.731340595 0.456280746
0.393953884 0.558210193
0.955977996 0.932102906
0.404978747 0.136892123
0.685026242 0.732958646
0.743011620 0.012936719
0.445678727 0.838396946
0.882331665 0.918500214
0.935923382 0.189184466
0.088880391 0.401826175
0.799761433 0.961070173
0.466140587 0.928452514
0.789514551 0.829900283
0.852892582 0.563704827
0.863562251 0.379728402
0.727384556 0.154504289
0.995454695 0.730910985
0.531446929 0.482370548
0.173366487 0.425658802
0.769846407 0.767455739
0.084495391 0.018177684
0.087137571 0.626159388
0.926458184 0.510259279
0.578449876 0.298420511
0.892470764 0.728051875
0.484664153 0.947175656
0.993726914 0.077523255
0.768311518 0.531269901
0.281156816 0.542050640
0.560431665 0.376751803
0.555813044 0.010067744
0.611240631 0.174419700
0.266562978 0.920071725
0.158943644 0.323970660
0.618020988 0.075456005
0.007985327 0.843199267
0.930731961 0.780492424
0.387453783 0.060348847
0.057492586 0.182708493
0.776312435 0.628966541
0.098932898 0.567628787
0.895664803 0.154308644
0.434645376 0.237612475
0.445430066 0.043886672
0.151334604 0.035961059
0.506265360 0.679385086
0.919730989 0.747521822
0.265513537 0.927615562
0.748232642 0.474758676
0.270390552 0.563136802
0.484535739 0.789395706
0.834645368 0.339675384
0.938700168 0.893925397
0.171689890 0.648658900
0.268036399 0.349433972
0.416221163 0.331385097
0.758212641 0.947947029
0.886086181 0.939668088
0.166142242 0.530613905
0.169808333 0.149935603
0.403834271 0.026430740
0.554931711 0.253239355
0.163062588 0.303460986
0.358052625 0.774809574
0.703886520 0.010162745
0.932484438 0.600550890
0.461584847 0.611060513
0.259652606 0.085283092
0.551377606 0.650181872
0.366200626 0.705054410
0.148698282 0.246359467
0.734672767 0.761426828
0.681969527 0.760531636
0.746280753 0.506818488
0.985749146 0.301228950
0.083376454 0.526834076
0.253899839 0.813031477
0.014635412 0.107833339
0.783590253 0.074194429
0.510200022 0.071703687
0.231745637 0.124121897
0.588316646 0.964702226
0.081775094 0.751272308
0.273470727 0.871704352
0.106220382 0.973998618
0.303572504 0.330571664
0.716632958 0.236149797
0.738779686 0.261504250
0.347041281 0.131308662
0.905486451 0.598087857
0.673732168 0.709859071
0.422654145 0.415888695
0.074082712 0.068259299
0.283189398 0.466490536
0.675901099 0.844327530
0.854427594 0.682670497
0.528033114 0.444182718
0.460888571 0.970467809
0.802404550 0.323503303
0.858631525 0.204643592
0.715962624 0.103608920
0.675966560 0.489775937
0.947657261 0.259050614
0.064798189 0.770252959
0.606779851 0.184343787
0.735416161 0.495695499
0.324565470 0.899546006
0.197422833 0.996780290
0.671593740 0.316660893
0.773626480 0.386099377
0.852685745 0.024246640
0.387657620 0.908184475
0.179712686 0.279857490
0.097379703 0.908055076
0.385707016 0.403142335
0.638009830 0.801091445
0.782989081 0.226788623
0.295985407 0.011631145
0.981627291 0.545580016
0.966050138 0.125997210
0.547487559 0.892251998
0.585542648 0.334046426
0.375530996 0.299162905
0.729259132 0.385934289
0.050682457 0.488162097
0.718483699 0.465255125
0.711051131 0.014226472
0.482719402 0.449937522
0.806860933 0.642187582
0.422745399 0.966480153
0.141499054 0.367674287
0.419126227 0.165724649
0.308989465 0.420540246
0.178386112 0.082326008
0.680399452 0.865943966
0.276407323 0.277636790
0.345273529 0.121071470
0.942470780 0.875089262
0.359607199 0.665405137
0.223457272 0.066229321
0.058436061 0.933995938
0.007863600 0.159785576
0.075835028 0.264599321
0.834398502 0.480804784
0.659769389 0.076612981
0.650346117 0.089843988
0.625284595 0.973227136
0.547381339 0.213999599
0.428559429 0.566073763
0.996135874 0.570596079
0.267941501 0.010845986
0.260636518 0.377519145
0.352149931 0.033735995
0.536507679 0.730136923
0.834303830 0.680120838
0.916783771 0.809342619
0.752305432 0.701191972
0.913168320 0.520394490
0.780546619 0.306665945
0.329485395 0.855046875
0.620095936 0.218422820
0.675830299 0.846451316
0.777932607 0.201507382
0.148152447 0.865535674
0.834816555 0.679440041
0.268368683 0.640494337
0.430619208 0.810381612
0.117803240 0.003237273
0.543250035 0.727009429
0.056957424 0.842648733
0.044640545 0.748441728
0.355517082 0.575859625
0.400648539 0.581409080
0.391357835 0.495521209
0.834187161 0.418160844
0.512540868 0.486443177
0.936537036 0.207868916
0.114699539 0.329625647
0.591541215 0.687091016
0.541573773 0.854164418
0.399388857 0.698445045
0.043794272 0.270687419
0.000117669 0.055495382
0.032024621 0.571135299
0.726635159 0.850689548
0.298980931 0.148219075
0.626485853 0.722131270
0.903348762 0.308725518
0.077450169 0.679040903
0.685562286 0.873388369
0.342544578 0.563091513
0.839380225 0.493081361
0.555456499 0.432591984
0.445456664 0.772681476
0.838656580 0.572475278
0.838806124 0.863763850
0.428540961 0.767651638
0.058210105 0.270729871
0.306038546 0.401004659
0.701128920 0.623588569
0.648555632 0.382784507
0.569264355 0.396163254
0.255245124 0.433094260
0.928500529 0.799845349
0.932007063 0.708599611
0.656954930 0.303663214
0.288152788 0.945190673
0.918387633 0.057624607
0.364361053 0.312692376
0.167066000 0.388707259
0.905186131 0.379919492
0.985774912 0.635133839
0.126438524 0.522376963
0.864168297 0.019359191
0.148080784 0.971353576
0.588507398 0.059815106
0.482380414 0.231497226
0.903112908 0.371608476
0.038505606 0.912411443
0.587166000 0.139248875
0.545830122 0.547093904
0.461144218 0.090352415
0.968330222 0.766447692
0.376373372 0.123912490
0.497273283 0.348098727
0.312742637 0.234726838
0.174398679 0.076377460
0.901885966 0.362365063
0.680548960 0.858177278
0.972188876 0.020178640
0.970453647 0.042857090
0.302137301 0.776496051
0.116245617 0.324112462
0.542782766 0.030947267
0.065910717 0.559928107
0.176692229 0.000786163
0.820461185 0.707847061
0.300607869 0.042814143
0.701645797 0.012791429
0.408323148 0.364600680
0.839724084 0.317796553
0.560673677 0.956973933
0.983561358 0.019845717
0.983743005 0.133999438
0.602519890 0.808548750
0.963845266 0.859209823
0.515631230 0.749780619
0.423472414 0.291039102
0.305695749 0.533478610
0.350352647 0.937249082
0.337793771 0.589979694
0.909726595 0.405432373
0.362023378 0.172148416
0.390007896 0.274745017
0.039506881 0.686539879
0.418495623 0.961802533
0.314506762 0.077965303
0.118994787 0.724879490
0.804508376 0.035052005
0.845680700 0.850148579
0.000159326 0.098275516
0.358710580 0.709824744
0.250023095 0.186374771
0.265569626 0.382902157
0.658835069 0.243932976
0.233403623 0.699253166
0.912057539 0.492695665
0.855300697 0.135929251
0.386035488 0.957777878
0.971099400 0.811071741
0.785214048 0.309288757
0.369027609 0.653935718
0.965039662 0.073172288
0.096340938 0.402155188
0.388837569 0.754498857
0.450454061 0.047565154
0.651187628 0.932136562
0.608436156 0.082553784
0.151595805 0.268405651
0.170990954 0.335720598
0.455966042 0.531845570
0.065218642 0.655258450
0.367580234 0.835448221
0.606576191 0.658048467
0.758070490 0.918845493
0.961408558 0.554306363
0.691959292 0.499408288
0.804232785 0.279574997
0.322870981 0.907984648
0.758569216 0.304413148
0.033743694 0.933221671
0.041831228 0.971486200
0.011479050 0.374770621
0.223534015 0.335243639
0.714985010 0.135764738
0.009898021 0.572348005
0.784268385 0.048985704
0.429266898 0.021939053
0.593367228 0.535597422
0.819625257 0.397480709
0.780051569 0.553827399
0.364087282 0.057471581
0.181221680 0.506907417
0.941875454 0.180617354
0.435923770 0.170319706
0.626399441 0.174378656
0.352075805 0.193542908
0.608637901 0.665633346
0.539856339 0.951042459
0.538506517 0.745489934
0.771342196 0.743159460
0.947987321 0.659071060
0.252492443 0.827314506
0.983540521 0.594242260
0.697493386 0.887201563
0.159961850 0.307617901
0.105962644 0.532317464
0.500182871 0.331772564
0.966570590 0.460250843
0.388433756 0.462031407
0.646022955 0.924660383
0.534517946 0.802775690
0.057070308 0.568234133
0.835504125 0.759966829
0.899770311 0.467023144
0.162476950 0.512721193
0.963154787 0.903601266
0.421871281 0.129730282
0.284007068 0.561363500
0.367252350 0.107126194
0.150605502 0.878766962
0.562145801 0.058338257
0.173960085 0.253388445
0.488613038 0.905225523
0.268703346 0.664316481
0.692095276 0.976365179
0.211111426 0.682078567
0.089642745 0.632061737
0.627546612 0.578109449
0.293244315 0.409515321
0.622732374 0.322337942
0.894203215 0.162599656
0.320564559 0.565016057
0.361520048 0.423685240
0.749985231 0.071072442
0.496249354 0.752163767
0.838548498 0.501052621
0.877037961 0.155222559
0.122051183 0.592890267
0.747862110 0.670814630
0.292701710 0.685291817
0.436206653 0.754085374
0.203474183 0.390315675
0.103577926 0.102240589
0.509460521 0.581299531
0.800693327 0.286524285
0.623237731 0.640450792
0.715988019 0.645523313
0.925187802 0.607215802
0.086678965 0.733000032
0.229538861 0.369652059
0.884630518 0.139056480
0.925286284 0.397385437
0.827664799 0.128819717
0.574318230 0.099416763
0.323401723 0.908198428
0.064919946 0.955660754
0.757221185 0.610574950
0.115408972 0.398181004
0.046698329 0.975250837
0.556177971 0.953813942
0.643793643 0.173242367
0.105437351 0.244947466
0.915741578 0.885631949
0.447398899 0.399691200
0.762923602 0.169033828
0.904314476 0.329760591
0.389591619 0.575718497
0.152639443 0.658496866
0.174266987 0.914943867
0.318729451 0.441226895
0.175559786 0.354025315
0.017783183 0.635260638
0.761764695 0.530395667
0.516003148 0.836799002
0.996082130 0.480347356
0.400106138 0.012084955
0.975160880 0.057577759
0.181398410 0.122065878
0.079658711 0.552866952
0.946585368 0.257090840
0.697499901 0.531365497
0.348224400 0.591281677
0.432469303 0.295577167
0.973045567 0.733737243
0.658718916 0.149752957
0.812822282 0.148584328
0.892550673 0.417685268
0.429043801 0.097790977
0.657881384 0.754591247
0.555281531 0.960973708
0.415799960 0.757033604
0.050444566 0.230753295
0.575617611 0.401214291
0.837541852 0.039667427
0.525514542 0.291686973
0.876991220 0.891534848
0.719791580 0.926352517
0.301013349 0.716866565
0.211591889 0.266081387
0.136712224 0.795422329
0.561187935 0.780133063
0.057839522 0.769207679
0.303549698 0.599428645
0.364024116 0.611798394
0.308632282 0.418788436
0.736611376 0.185531799
0.467186314 0.110051942
0.229336938 0.739082510
0.992698033 0.128556199
0.238646212 0.681089556
0.337361107 0.972221085
0.752249645 0.431901489
0.317823780 0.061187813
0.080214986 0.461257236
0.816001914 0.089193227
0.131220417 0.449159231
0.211812819 0.262980375
0.627899879 0.365557106
0.424594728 0.038661047
0.602712405 0.371248768
0.052358818 0.278472541
0.729712647 0.560482294
0.536955202 0.164307041
0.518251595 0.251936176
0.391432860 0.811385040
0.863947527 0.642276242
0.442804419 0.328010663
0.544922156 0.486886444
0.603460649 0.751238108
0.548577870 0.329767551
0.773100184 0.434097701
0.899640927 0.552832482
0.015575567 0.396646068
0.704693182 0.375983945
0.670774784 0.642163293
0.917164018 0.524166146
0.549887944 0.224947318
0.005586408 0.598580922
0.127264412 0.254901832
0.553363716 0.840427685
0.555467652 0.863749748
0.208591034 0.700189033
0.331395658 0.277764938
0.483843385 0.434932891
0.213961471 0.088438799
0.882774616 0.339393683
0.474380653 0.879172002
0.497670072 0.403389664
0.536340070 0.768849985
0.326324440 0.117607587
0.555687408 0.543702429
0.260162740 0.027375628
0.615338418 0.513975267
0.780293080 0.282331522
0.780218108 0.648274249
0.365271746 0.579931806
0.233339617 0.865548262
0.722330509 0.376908733
0.218320006 0.309742979
0.355477706 0.128007038
0.766054089 0.227959515
0.749005864 0.123580958
0.371551889 0.106180011
0.650172683 0.307781391
0.833898129 0.673493338
0.249051387 0.780463497
0.330423180 0.650350747
0.291450255 0.777016059
0.099578430 0.032907573
0.060960206 0.040571645
0.486540643 0.015303435
0.821757834 0.153334149
0.089263262 0.138451144
0.978914028 0.747652387
0.658362627 0.003805677
0.136852711 0.551492066
0.661160628 0.653275741
0.019953006 0.906486024
0.599859005 0.696230378
0.494882077 0.914205415
0.486288264 0.562759970
0.668895696 0.749823582
0.409305689 0.964437454
0.659788898 0.568314289
0.905940259 0.382990835
0.864535937 0.799208686
0.587897598 0.742087864
0.262540738 0.259114441
0.143796717 0.552562076
0.744220790 0.191228685
0.787089820 0.926489104
0.730796417 0.688104606
0.313612225 0.292066238
0.631683817 0.917873268
0.697086151 0.196377514
0.922004665 0.339641828
0.813788665 0.172699078
0.236952776 0.675221287
0.899085400 0.974706320
0.162138434 0.615966314
0.405280325 0.742541198
0.413056436 0.331460609
0.179747137 0.557825834
0.677419097 0.939998085
0.252247496 0.448061898
0.020965855 0.604957425
0.839211552 0.305991457
0.082572874 0.414780812
0.297143327 0.596971501
0.725252521 0.727280811
0.842295274 0.185570481
0.692773078 0.464340638
0.344095194 0.352713351
0.191679637 0.449253362
0.460154551 0.689937888
0.390165096 0.733247337
0.351517809 0.925959794
0.642217796 0.679061534
0.011090955 0.277426396
0.210860497 0.523486629
0.988003492 0.566501748
0.973326742 0.224360256
0.821777657 0.476349058
0.768202297 0.148383471
0.013779754 0.817745244
0.129612889 0.667982967
0.094781760 0.817398967
0.543321330 0.642729032
0.040822417 0.075952303
0.384473725 0.559910537
0.880541886 0.791419455
0.559479419 0.560808869
0.180727390 0.589621346
0.349411099 0.740662918
0.541238662 0.695475073
0.854896671 0.410754538
0.496849796 0.705346728
0.981233886 0.904214748
0.440696730 0.052046626
0.384069639 0.230571915
0.178984662 0.404001985
0.746166024 0.053630336
0.274317920 0.332262724
0.803483871 0.523080767
0.295871091 0.846847061
0.825394390 0.954167350
0.807670252 0.729581196
0.489333845 0.655339574
0.248765687 0.809351381
0.512565547 0.543626452
0.671843884 0.568740136
0.715722843 0.559424580
0.554427405 0.579723659
0.291018532 0.124313419
0.549644259 0.105914274
0.119806149 0.579839916
0.330013022 0.680882705
0.261752422 0.029498780
0.878582683 0.036728344
0.279614061 0.727106601
0.636290952 0.318363023
0.440472260 0.065142211
0.925369357 0.277614114
0.364832059 0.743382699
0.681766268 0.521189001
0.019024596 0.803761580
0.555085751 0.668052878
0.674418853 0.856637314
0.985875543 0.832216140
0.639947597 0.613005844
0.568920966 0.817453484
0.604525005 0.518135015
0.200417296 0.736993318
0.885183160 0.450329644
0.901131877 0.659934676
0.428884575 0.194285121
0.079892585 0.222496097
0.633255245 0.286899430
0.015880212 0.561767062
0.987102897 0.139531637
0.666940470 0.367678931
0.586255718 0.082723761
0.595414516 0.408187016
0.073048359 0.166202427
0.032622665 0.021009186
0.007336732 0.912518988
0.527466591 0.166849631
0.931077293 0.873639314
0.747003259 0.004734739
0.051023642 0.705635388
0.841090621 0.517038269
0.984978857 0.943500583
0.251797175 0.973051637
0.303787050 0.944516556
0.281362018 0.738078496
0.727799454 0.663088529
0.218671460 0.328385987
0.666824612 0.599464062
0.978240590 0.895349655
0.867298910 0.231153128
0.030528445 0.876058009
0.954177318 0.358328126
0.514774237 0.768189587
0.626448642 0.571532178
0.988855264 0.308568269
0.927042231 0.678652912
0.856874995 0.172547197
0.220316525 0.716123641
0.873228239 0.070687572
0.563519477 0.788437297
0.752138839 0.741615800
0.253991130 0.041589963
0.312297354 0.569420607
0.925768317 0.739831063
0.603161739 0.361909459
0.273852426 0.705636148
0.134259944 0.720717431
0.551440063 0.083786119
0.059588401 0.710422350
0.088156408 0.607865404
0.114583576 0.493796245
0.140643481 0.870624623
0.263666480 0.207355056
0.533468597 0.753898277
0.442185579 0.111037286
0.796174775 0.390179962
0.575317356 0.214540615
0.800319294 0.289834711
0.038940591 0.892889272
0.254672823 0.446575528
0.342960956 0.564738749
0.678744644 0.259448764
0.378106261 0.749577301
0.243803700 0.807035831
0.965897996 0.326996860
0.426723845 0.661652442
0.356914677 0.373476457
0.713501889 0.153578047
0.900748163 0.102815998
0.555396818 0.664354725
0.485813317 0.547095386
0.299662276 0.904403176
0.015373965 0.515628402
0.050783567 0.495524957
0.451648572 0.047405836
0.083201941 0.700660061
0.677098066 0.053530587
0.665260551 0.376957893
0.953473965 0.496201164
0.977895670 0.399929528
0.065558812 0.594594537
0.702318095 0.278171562
0.559268130 0.178046961
0.321134459 0.162646885
0.856868875 0.305539976
0.874970915 0.630553482
0.718890697 0.908026913
0.045684526 0.273943221
0.462225129 0.574868493
0.381545622 0.236143004
0.845902854 0.382401919
0.293646337 0.003303752
0.235927722 0.748686714
0.748706706 0.880765334
0.692924710 0.853575636
0.198265206 0.230154627
0.138072436 0.597958828
0.939557104 0.548063923
0.501816095 0.478167599
0.751991493 0.398572941
0.337681988 0.320970183
0.472953580 0.337405876
0.089432971 0.572795954
0.299134151 0.100009221
0.280818409 0.677348885
0.542775615 0.702766864
0.120530913 0.049516967
0.803674598 0.604428973
0.515760900 0.262163782
0.685059271 0.769958763
0.955319913 0.152872752
0.458763154 0.518682960
0.289363143 0.756748546
0.856626998 0.064068679
0.766571192 0.059218088
0.814389378 0.347296359
0.279278814 0.185501145
0.662460650 0.890222777
0.370380043 0.243258981
0.883171429 0.292363771
0.697712466 0.128317251
0.189448790 0.994839098
0.357468257 0.850755848
0.115752503 0.677526098
0.671884707 0.926901130
0.215070819 0.614175192
0.892453892 0.934798998
0.727086863 0.119973391
0.863344039 0.407134001
0.160301781 0.439898655
0.800551224 0.281067869
0.730796589 0.215379902
0.133506394 0.470780059
0.811596429 0.100187284
0.380587227 0.395611131
0.591348286 0.528781166
0.656198588 0.834886492
0.116801658 0.403822734
0.404863331 0.110745062
0.490081401 0.524607551
0.280363701 0.698441615
0.182472036 0.909723919
0.559956254 0.247705346
0.683592706 0.589075730
0.479963206 0.401450504
0.662626195 0.755686379
0.635410076 0.825795473
0.978953598 0.131835664
0.690153392 0.131860290
0.184258089 0.641419019
0.987260216 0.885029393
0.996062113 0.912116787
0.751913995 0.322462348
0.607891336 0.703948517
0.377882979 0.109815012
0.532907046 0.475518822
0.585448895 0.784484748
0.652457836 0.638592133
0.644522951 0.289847289
0.924797985 0.404458249
0.645755687 0.436916786
0.540042570 0.176119396
0.183832628 0.200445701
0.328665774 0.034539441
0.790291512 0.519753535
0.369852479 0.145458584
0.692833374 0.996830787
0.353295513 0.861782465
0.517290472 0.518298384
0.374345909 0.493210017
0.488960654 0.715730438
0.644401051 0.252094349
0.349131073 0.194715257
0.298362555 0.149080896
0.754448082 0.263316934
0.745066081 0.011106309
0.888692095 0.502390101
0.295985180 0.640945382
0.780964732 0.320486963
0.589087895 0.132125496
0.610998567 0.540083652
0.520820883 0.235648157
0.647614696 0.281641372
0.595507587 0.251635077
0.205316039 0.758826233
0.193111265 0.288896034
0.143679775 0.969952131
0.369322893 0.524525051
0.035048723 0.087930187
0.591550012 0.112611028
0.105511038 0.109752356
0.251533481 0.172695031
0.712579920 0.872342218
0.651000649 0.013352637
0.545376072 0.296441821
0.297267380 0.799110917
0.847506207 0.054374218
0.359953410 0.650556017
0.067948264 0.410088875
0.340592030 0.870353695
0.168589838 0.566336988
0.934796197 0.432150859
0.779730788 0.221413827
0.054783375 0.450932095
0.075143003 0.763973980
0.791190509 0.357042031
0.349770316 0.202212828
0.728316843 0.141957149
0.875018325 0.302179202
0.226357407 0.270856891
0.624906436 0.743817572
0.423100867 0.788103631
0.099745261 0.116697700
0.031412062 0.607248044
0.883435694 0.340917855
0.212944276 0.403736653
0.962430400 0.340078937
0.019382397 0.651208981
0.966334611 0.332128633
0.003359925 0.399968302
0.196913278 0.859845907
0.778676692 0.413010687
0.250497069 0.109828496
0.009307523 0.642510989
0.214532103 0.120855345
0.013522798 0.662685951
0.760012164 0.511895458
0.370152626 0.233442296
0.707594067 0.047346777
0.107583203 0.576848083
0.992803715 0.512570349
0.400098408 0.569905326
0.605902414 0.590025574
0.000574761 0.776169792
0.233505627 0.449898676
0.278334208 0.304820960
0.697642039 0.065374014
0.398174242 0.509262685
0.988715337 0.405786840
0.890796246 0.208032203
0.522916924 0.191506452
0.876845730 0.240625854
0.754282865 0.284827433
0.838920778 0.353704814
0.430602557 0.984473630
0.632964317 0.099677380
0.817849899 0.992717173
0.705831501 0.990328251
0.158527299 0.112669364
0.502171929 0.465302547
0.009766640 0.691093501
0.319466290 0.031362133
0.078138745 0.945412381
0.116347371 0.844308598
0.338369915 0.268265963
0.597347085 0.665699853
0.167959500 0.448762352
0.031469533 0.032702396
0.437759106 0.721573456
0.334141638 0.715229499
0.898621903 0.430959606
0.659586975 0.587795019
0.487202646 0.598697678
0.804114383 0.056944284
0.354244258 0.199998097
0.290946706 0.416865743
0.247023161 0.664134164
0.256962589 0.900337084
0.767277285 0.290424922
0.265215715 0.408462596
0.188881997 0.045836803
0.598105021 0.636339515
0.849442183 0.019117143
0.903514690 0.071139312
0.160102308 0.540535674
0.820371041 0.496703783
0.595854987 0.797074983
0.667525225 0.301132496
0.744237976 0.395441634
0.179954324 0.328725557
0.705602005 0.490602600
0.693673159 0.246009250
0.082393998 0.987105825
0.540073960 0.302851096
0.664718327 0.460095337
0.053791820 0.064121363
0.146737871 0.609469925
0.166458755 0.143648315
0.159691472 0.080570749
0.579900062 0.949596491
0.852307502 0.015734621
0.938912028 0.925397333
0.443902895 0.176010218
0.595701043 0.515933266
0.596524042 0.443702448
0.930667351 0.961633154
0.790612272 0.309269429
0.060016232 0.484206353
0.736984850 0.244874245
0.011260318 0.999766604
0.503026023 0.973134907
0.125361530 0.064013270
0.464114796 0.788086088
0.837058707 0.250152860
0.726497658 0.653022187
0.881387164 0.967393293
0.108967981 0.222001688
0.838815290 0.344772934
0.461559275 0.088559641
0.839042149 0.448024184
0.982658919 0.031273068
0.732377696 0.003247670
0.109488789 0.270794804
0.639744979 0.538467775
0.727283150 0.050005743
0.964772587 0.974149128
0.563723218 0.198168085
0.631281531 0.666860108
0.227727433 0.261140693
0.374989965 0.459585753
0.897130718 0.584606174
0.626816273 0.783020994
0.263263918 0.022665721
0.391672097 0.426464406
0.718348160 0.607932025
0.133434159 0.234641763
0.932017272 0.104856768
0.075125063 0.079899127
0.719798374 0.848324022
0.682601383 0.272015032
0.097568333 0.981698604
0.903452627 0.923594980
0.032328749 0.119134642
0.550762468 0.774405094
0.875411473 0.214459131
0.614592966 0.437896819
0.716005128 0.467751947
0.114399098 0.203492994
0.648170388 0.547228564
0.737148770 0.297316229
0.949367026 0.444832158
0.082057940 0.000553161
0.810729180 0.081353573
0.645983575 0.536153648
0.860176524 0.987164562
0.130524602 0.402395834
0.925377897 0.660597407
0.841604990 0.491276960
0.901144532 0.560570305
0.947906870 0.071140550
0.626280796 0.374924232
0.152406184 0.252602513
0.356000866 0.961134951
0.250516291 0.754508554
0.794074624 0.779272792
0.797902760 0.758794608
0.597669078 0.280072285
0.772531008 0.606271963
0.016485446 0.150859152
0.176936318 0.359708852
0.355416330 0.195703430
0.847558225 0.083077665
0.062204469 0.428309153
0.195137108 0.980188924
0.274199913 0.447123369
0.324583712 0.341700819
0.920390487 0.206979419
0.370901399 0.666545445
0.178839451 0.496636267
0.919534605 0.352837584
0.395705823 0.088113324
0.208951961 0.832685703
0.702412613 0.097931245
0.949601449 0.804038037
0.642354321 0.854312755
0.780377214 0.555534756
0.660989507 0.087699299
0.050139852 0.267902531
0.246754056 0.289943037
0.347514457 0.138055303
0.264451444 0.177117550
0.590153830 0.048920540
0.878546073 0.860530060
0.732562161 0.230022108
0.159187086 0.341176406
0.672206664 0.735030215
0.855996654 0.977156628
0.716821079 0.524955933
0.648762248 0.768247541
0.311575629 0.540676208
0.768583543 0.994465714
0.952954866 0.806105297
0.584158728 0.216912016
0.321435851 0.199525722
0.716468880 0.841984338
0.993547426 0.334350261
0.331796880 0.320706636
0.409104605 0.072059582
0.677793122 0.311094525
0.043997564 0.498543153
0.910021687 0.104815819
0.298221538 0.930405118
0.372224190 0.669559747
0.148450277 0.738559398
0.534645037 0.477747120
0.050261949 0.846922639
0.220520444 0.969017497
0.217375670 0.265832807
0.588529064 0.997413711
0.026284363 0.374567326
0.547196894 0.879444275
0.582387846 0.921955993
0.101069047 0.435975121
0.008299114 0.720976640
0.499734141 0.409711729
0.956148685 0.346483213
0.566213449 0.775912459
0.557247467 0.979396553
0.217601197 0.672024780
0.921729862 0.847308686
0.142270491 0.202811373
0.137932768 0.946276433
0.376702937 0.925493692
0.317346664 0.978155637
0.807830107 0.870081024
0.196503589 0.745425618
0.826335596 0.498354211
0.758328009 0.499651754
0.393141386 0.045137557
0.114534138 0.746093371
0.822956299 0.141234931
0.725098363 0.375367819
0.297100715 0.903688989
0.202404640 0.695941116
0.923723698 0.817787969
0.693094297 0.995829688
0.021603278 0.777745461
0.814849666 0.498012990
0.850784807 0.541165256
0.750062288 0.492749869
0.310591547 0.037049516
0.538119708 0.677117424
0.034077712 0.413600665
0.012546824 0.947320596
0.784347882 0.890401196
0.625708704 0.656749755
0.595220555 0.948568052
0.810653316 0.574856723
0.201469091 0.835332707
0.535317133 0.108629821
0.510708823 0.015862743
0.342694134 0.932839624
0.969002660 0.579572684
0.809122817 0.944341877
0.623014562 0.308501578
0.263198336 0.103208902
0.550597502 0.420708837
0.635865503 0.579181044
0.026115996 0.620003762
0.609169575 0.472942452
0.621869196 0.848016414
0.148687730 0.831700459
0.117579151 0.170932037
0.535444200 0.099877669
0.007209695 0.266485399
0.711638389 0.889090931
0.237902333 0.974180422
0.768657865 0.218924618
0.686309487 0.871312180
0.081225351 0.289263772
0.057863227 0.195339340
0.586429481 0.021143980
0.785643222 0.708221382
0.200901519 0.294715251
0.995380619 0.398549900
0.873770209 0.855421320
0.992488626 0.184795350
0.231417942 0.810087760
0.690567000 0.742122912
0.740624663 0.212377103
0.140881147 0.282742152
0.687889777 0.650565451
0.189411787 0.719145327
0.030625402 0.041733352
0.479788792 0.118120112
0.914876313 0.406704730
0.809248822 0.092117782
0.718431437 0.705849859
0.045720639 0.659264220
0.418488121 0.114513734
0.806290731 0.374521620
0.732805083 0.073923852
0.615920407 0.258805245
0.879241728 0.847694564
0.205895763 0.126012691
0.880723744 0.362767918
0.271688018 0.406255916
0.490001542 0.064473458
0.365604393 0.451473173
0.640047639 0.490290897
0.944148882 0.757444745
0.724041319 0.131320146
0.553999198 0.773055075
0.539331500 0.266102231
0.525923672 0.905691207
0.701126183 0.868224365
0.850757337 0.659504235
0.164764286 0.473385120
0.238767158 0.679976382
0.975274815 0.452119234
0.991887876 0.576651554
0.486755459 0.470959780
0.693451815 0.172904426
0.740428122 0.122784502
0.987869345 0.224713302
0.985990509 0.185041308
0.201481298 0.480159788
0.593121783 0.203579034
0.259927933 0.911233415
0.277025482 0.257766376
0.982370084 0.252033649
0.351163836 0.514520350
0.740670506 0.923562530
0.060448705 0.683133336
0.310051925 0.939610918
0.429110902 0.294009804
0.772909249 0.239678754
0.815830097 0.395468479
0.741821678 0.812272409
0.256816522 0.924591888
0.916687989 0.249447009
0.755101505 0.693593601
0.494706116 0.334328496
0.401585459 0.157608376
0.269730334 0.448488757
0.614852958 0.530895801
0.290398173 0.242266780
0.814019070 0.165363008
0.469157613 0.666378506
0.455057441 0.674962414
0.121773214 0.659963004
0.462781557 0.308936398
0.859417827 0.054947505
0.089431175 0.952887729
0.443640401 0.869253560
0.840172785 0.811285431
0.441239079 0.715062734
0.534370328 0.180832839
0.529491326 0.619638972
0.297772403 0.265167095
0.471012826 0.655420278
0.682734377 0.376113038
0.048632612 0.905764610
0.650091917 0.589088886
0.299324519 0.789875026
0.925249509 0.534715376
0.945871107 0.223733570
0.272386723 0.447496157
0.369970438 0.123670312
0.738973616 0.042928265
0.400144446 0.772138432
0.922411246 0.828819470
0.271460899 0.781404032
0.974994911 0.178550755
0.341484704 0.458821160
0.411804912 0.100893749
0.511334650 0.776314585
0.186303529 0.337429111
0.514751735 0.452938668
0.581752056 0.136225475
0.508056306 0.834547129
0.915050957 0.861982757
0.214300996 0.966739182
0.292723007 0.406020113
0.608802389 0.198400282
0.001127281 0.962511373
0.689786212 0.933202371
0.094566396 0.622359012
0.446915890 0.694478061
0.148513617 0.042891509
0.969898836 0.742576969
0.826380624 0.586025690
0.900439901 0.837583118
0.935033945 0.365846921
0.157754016 0.987705886
0.505455784 0.934856894
0.204691023 0.226199852
0.121525374 0.978321535
0.074332997 0.711204405
0.507615564 0.994921554
0.378096198 0.741974766
0.429612756 0.345075350
0.135593710 0.525913707
0.597068963 0.328250122
0.826736246 0.678001526
0.139281606 0.936362756
0.786161768 0.897774749
0.631250075 0.061387969
0.371961670 0.111440793
0.665022790 0.581988674
0.048180177 0.237315592
0.082860737 0.757042112
0.286574111 0.394973076
0.468913409 0.080706296
0.253018264 0.773153754
0.857852529 0.900858066
0.326409206 0.870760609
0.282102663 0.586336137
0.219113404 0.359815274
0.765279506 0.336204052
0.281381191 0.026665986
0.090487465 0.035405551
0.999265496 0.933178571
0.218619077 0.314970038
0.658203219 0.031357072
0.580945075 0.402532673
0.453993358 0.692028176
0.636450892 0.106833819
0.872552137 0.247600533
0.204284643 0.136318275
0.630188593 0.272457886
0.704467401 0.411819699
0.127807930 0.499135535
0.077817014 0.296904634
0.051522369 0.509117951
0.472152926 0.238464999
0.898190288 0.587459870
0.379201149 0.792209853
0.126475784 0.705090367
0.029826412 0.159757225
0.593699800 0.231158339
0.675542815 0.627292003
0.695140514 0.975747007
0.515952639 0.353360795
0.566738529 0.455158714
0.703056428 0.211329274
0.615980216 0.907258338
0.018482903 0.822260801
0.451400558 0.472130188
0.947517297 0.396636869
0.335686595 0.624746322
0.178657695 0.513877294
0.624649852 0.510459076
0.886850249 0.338709518
0.418603388 0.487408407
0.262341241 0.379783324
0.487513216 0.775906888
0.390564477 0.653123339
0.114662323 0.012656121
0.397157767 0.539420514
0.693164462 0.798990383
0.533989773 0.170749237
0.426609188 0.381103038
0.259517176 0.505492463
0.547239112 0.420322732
0.353718047 0.960914326
0.596264002 0.015216432
0.840732727 0.341439407
0.141312508 0.724157094
0.294625600 0.102476579
0.104795039 0.413654534
0.879744201 0.697555472
0.536381285 0.297852127
0.833252959 0.314962698
0.167337089 0.218504499
0.960744634 0.554375713
0.334464778 0.217037192
0.083788978 0.415410408
0.796252918 0.268850507
0.535274990 0.090307397
0.695044973 0.220422411
0.048011518 0.117265775
0.744887584 0.924732950
0.941537051 0.108161367
0.756595481 0.457917042
0.404637343 0.512146945
0.574336760 0.684730843
0.251969024 0.838087442
0.411603486 0.480420254
0.220181355 0.545131456
0.356767165 0.948054476
0.729805323 0.641743926
0.946397090 0.309420039
0.496731541 0.036930839
0.622315433 0.192661972
0.322812646 0.154136876
0.082811029 0.191781153
0.290742219 0.183788501
0.108841424 0.491813348
0.768824591 0.912265520
0.635067046 0.492740830
0.379129459 0.018123246
0.208115634 0.890838796
0.058632858 0.932041408
0.139650027 0.878861008
0.326061598 0.370684496
0.317013893 0.030325450
0.843725537 0.544572398
0.950667949 0.102053604
0.398040443 0.686916842
0.038914618 0.516052938
0.280454553 0.311837661
0.779082628 0.384651038
0.937084364 0.542383587
0.665120163 0.679051146
0.161492136 0.036063336
0.143940190 0.927845017
0.875003831 0.362353768
0.392583007 0.010364973
0.742739291 0.050443254
0.577611403 0.532121042
0.610753123 0.250464939
0.528580548 0.888732767
0.183832440 0.242032191
0.664081805 0.905419035
0.444955563 0.260849587
0.409977198 0.960591921
0.325730881 0.902421984
0.830048275 0.443352886
0.475686974 0.062815074
0.510468703 0.075998498
0.610065680 0.119371739
0.713842450 0.674622779
0.646045744 0.050410510
0.854084076 0.606937682
0.429380070 0.736357677
0.156750707 0.566855297
0.472994217 0.921362809
0.497392971 0.810399388
0.491453316 0.753130730
0.461207274 0.101624798
0.509321685 0.077228805
0.156733699 0.989645085
0.726131628 0.333376842
0.079548487 0.026942529
0.739564766 0.106344196
0.071712814 0.448846357
0.536738072 0.691491526
0.223327835 0.706676887
0.107923991 0.318455612
0.880522411 0.746158610
0.650344779 0.724949709
0.165744388 0.694540429
0.809141300 0.418093266
0.122721604 0.547128458
0.126683649 0.379884091
0.014141279 0.262641997
0.726842588 0.327857851
0.725425895 0.026502752
0.348613051 0.295786657
0.404266631 0.165835202
0.792476665 0.004369087
0.963086656 0.968333329
0.097389362 0.516889072
0.014377549 0.936395245
0.408499671 0.439497701
0.375231614 0.787869901
0.153714949 0.966409325
0.763020679 0.137039494
0.372080481 0.218123148
0.570775675 0.279803557
0.102020666 0.154315307
0.199065324 0.041081580
0.528137227 0.225920298
0.835301079 0.007363161
0.564997594 0.763875816
0.307322128 0.487395737
0.423856601 0.659060094
0.949414670 0.648720782
0.652762693 0.838348314
0.824478794 0.142815616
0.298518788 0.866061738
0.002622009 0.030506989
0.566085345 0.831693014
0.185155428 0.077818707
0.119311376 0.616097770
0.033891947 0.089849485
0.889053717 0.580294786
0.689998094 0.894261908
0.459442303 0.346614059
0.409152969 0.745479689
0.928829094 0.634925553
0.129657592 0.812523281
0.277351355 0.967109361
0.664359332 0.272449128
0.327334773 0.128595487
0.738305880 0.096793408
0.198022550 0.160722687
0.415120046 0.433839353
0.403345010 0.884577044
0.502687773 0.616894648
0.011679492 0.151177114
0.118308909 0.753603101
0.168228457 0.251101227
0.539815091 0.143878504
0.276366897 0.416768762
0.841800051 0.925093378
0.806783731 0.653909685
0.804056517 0.319771770
0.587967104 0.878953382
0.582860503 0.853632712
0.708696259 0.224072464
0.738580942 0.529012037
0.725202317 0.733598147
0.665630781 0.967605727
0.772689907 0.890921573
0.585738042 0.466796426
0.475376984 0.370200917
0.369684777 0.546440436
0.946871833 0.833745271
0.616953692 0.681143084
0.938484091 0.362405875
0.545985035 0.658770351
0.690004352 0.614055523
0.963485593 0.714716513
0.137426522 0.273027163
0.159351663 0.761935788
0.685025088 0.418690056
0.460725995 0.367734820
0.794001383 0.841229032
0.186714314 0.171213200
0.194044217 0.806438970
0.248243581 0.357002793
0.850080297 0.632354284
0.500826302 0.985155571
0.033315894 0.949499623
0.555455040 0.177397194
0.235670132 0.339741576
0.385638759 0.282340764
0.815841647 0.344529786
0.003544753 0.555394542
0.236634288 0.239715193
0.061504079 0.096912559
0.821828984 0.114689080
0.644329665 0.570757660
0.028472318 0.567460912
0.474588450 0.315989731
0.674077307 0.413160648
0.802924893 0.491476592
0.530132233 0.563264179
0.402321542 0.406629199
0.668275066 0.858928481
0.040426174 0.962349995
0.594747533 0.648478021
0.801859998 0.000815460
0.672830914 0.787355104
0.627904806 0.295404529
0.467478108 0.432121201
0.481580080 0.746164880
0.522397104 0.313684791
0.726333933 0.555050741
0.485199500 0.947588730
0.583845824 0.300606625
0.314712868 0.485413952
0.017916378 0.916556329
0.186060376 0.176833651
0.356176400 0.809320565
0.834454336 0.024477621
0.246126569 0.257187156
0.050255817 0.500576195
0.389318956 0.733940647
0.361031648 0.111228525
0.785001759 0.376067322
0.438331868 0.808894568
0.594631680 0.636051053
0.166041738 0.749454760
0.443348598 0.499200524
0.001989156 0.641936748
0.166973414 0.836445440
0.658349894 0.335731130
0.874192123 0.484883278
0.843661596 0.934160533
0.338171632 0.731926619
0.392861599 0.292936780
0.396256320 0.624661225
0.796394940 0.778507910
0.972934604 0.424716906
0.107536166 0.993500560
0.171169712 0.836880249
0.460970121 0.011434725
0.686625813 0.918175610
0.557907583 0.554240617
0.266300630 0.060508064
0.811773113 0.050552444
0.023774176 0.123800744
0.411689343 0.602704210
0.828854615 0.142873320
0.971773327 0.393214719
0.895302721 0.178800069
0.944406338 0.436002292
0.876739704 0.175204240
0.013580258 0.842690558
0.279944535 0.057949265
0.580805972 0.702049465
0.648822487 0.326206382
0.641855686 0.335047158
0.148397223 0.174820006
0.385169002 0.524670856
0.502680031 0.688880154
0.986990668 0.030417515
0.518037610 0.524768204
0.528039080 0.434584103
0.595250337 0.474252653
0.852696258 0.141249807
0.384009679 0.221744056
0.762151472 0.737917920
0.547196901 0.756467443
0.522983808 0.585218274
0.140201888 0.786784147
0.594597079 0.750610308
0.120565651 0.423590843
0.757988302 0.223357187
0.314185580 0.228095559
0.405430953 0.479655024
0.321826814 0.906079533
0.922245906 0.936916258
0.670239448 0.797795837
0.165965138 0.238229382
0.176457083 0.653608628
0.132307249 0.506288732
0.013800205 0.435688357
0.166042589 0.560437168
0.596655002 0.805025729
0.483149406 0.118855741
0.381264631 0.167020128
0.486152986 0.899247553
0.744439079 0.250789839
0.490987779 0.426044210
0.247096205 0.765639414
0.215450096 0.908280509
0.832093492 0.664255817
0.318179789 0.156976824
0.504184071 0.561893723
0.769567384 0.069409045
0.759005787 0.666261556
0.233243697 0.196621719
0.668471345 0.362243578
0.383204613 0.261442166
0.036740555 0.744303305
0.603165622 0.377709422
0.826058543 0.474885815
0.542547767 0.552088507
0.839248302 0.153187091
0.522858191 0.438086208
0.936189778 0.525276104
0.923266842 0.450279216
0.988846341 0.054965595
0.565467300 0.940883958
0.810050424 0.136551558
0.573871035 0.740277203
0.041617104 0.486111647
0.856637886 0.844963745
0.415531470 0.289709684
0.264942862 0.063473804
0.662155345 0.796557182
0.940096165 0.242422018
0.550023855 0.182978763
0.040572635 0.524063328
0.745624158 0.829474476
0.613405491 0.256859744
0.429717379 0.933593273
0.970860791 0.893266456
0.783511039 0.963385902
0.114556775 0.931321154
0.363544056 0.651763916
0.094501410 0.712646018
0.327717088 0.336061779
0.334470438 0.640475822
0.464831929 0.937829763
0.691480002 0.664157509
0.321271583 0.074423602
0.233223391 0.917472050
0.666048803 0.720668145
0.758712100 0.342882424
0.318979342 0.209347938
0.742046343 0.952307558
0.236501919 0.551451237
0.675905527 0.900523650
0.364700030 0.875869475
0.720913701 0.095941183
0.971697280 0.024469010
0.741913709 0.064725943
0.158655877 0.965063104
0.809388026 0.729862073
0.540254518 0.563496889
0.299878730 0.923936116
0.752768270 0.908917290
0.655164857 0.370479367
0.594876862 0.997479102
0.709842909 0.119358616
0.968231107 0.558883602
0.654873236 0.792978365
0.586755912 0.106371379
0.695497380 0.427353585
0.781002978 0.410881346
0.240972672 0.547033908
0.761513846 0.251935977
0.949259646 0.353973273
0.695047616 0.801657247
0.604960383 0.317441374
0.193713513 0.573400686
0.453438664 0.219264868
0.862646129 0.580790402
0.789191735 0.170219923
0.029095566 0.390315346
0.921236524 0.507569629
0.437430792 0.454399895
0.727256563 0.853508377
0.035618228 0.534265310
0.185906646 0.357775744
0.409775737 0.241849282
0.298178301 0.453006935
0.783903312 0.175370564
0.524881444 0.068525286
0.443435901 0.621736508
