# n=2000 particulas=2000 iters=50 w=0.70 c1=1.50 c2=1.50 hilos=12 semilla=1
# preparacion: 0.000 s | L_inicial=1009.7671
# iter  mejor_global  t_iter(s)  t_total(s)
    1     1009.7671      0.071       0.071
    2     1009.7671      0.066       0.138
    3     1009.5066      0.038       0.175
    4     1008.0822      0.032       0.208
    5     1008.0822      0.033       0.241
    6     1008.0822      0.033       0.274
    7     1007.9909      0.033       0.307
    8     1002.8451      0.032       0.340
    9     1002.8451      0.033       0.373
   10     1002.8451      0.033       0.406
   11     1002.8451      0.033       0.439
   12     1002.8451      0.032       0.471
   13     1002.8451      0.034       0.505
   14     1002.8451      0.036       0.553
   15     1002.8451      0.035       0.588
   16     1002.8451      0.035       0.623
   17     1002.8451      0.034       0.657
   18     1002.8451      0.033       0.690
   19     1002.8451      0.033       0.723
   20     1002.8451      0.033       0.756
   21     1002.8451      0.033       0.788
   22     1002.8451      0.033       0.821
   23     1002.8451      0.033       0.854
   24     1002.8451      0.033       0.886
   25     1002.8451      0.033       0.919
   26     1002.8451      0.033       0.953
   27     1002.8451      0.033       0.985
   28     1002.8451      0.033       1.018
   29     1002.8451      0.033       1.051
   30     1002.8451      0.033       1.085
   31      997.4422      0.033       1.117
   32      997.4422      0.033       1.150
   33      997.4422      0.034       1.184
   34      997.4422      0.033       1.217
   35      997.4422      0.033       1.250
   36      997.4422      0.033       1.283
   37      997.4422      0.034       1.317
   38      997.4422      0.033       1.350
   39      997.4422      0.033       1.384
   40      997.4422      0.033       1.417
   41      997.4422      0.033       1.450
   42      997.4422      0.049       1.499
   43      997.4422      0.051       1.550
   44      997.4422      0.048       1.598
   45      997.4422      0.043       1.641
   46      997.4422      0.049       1.690
   47      997.4422      0.048       1.738
   48      997.4422      0.043       1.781
   49      997.4422      0.046       1.827
   50      997.4422      0.038       1.866
# ---- resumen ----
n=2000 particulas=2000 iters=50 tour_valido=SI L_mejor=997.44222 (verificado 997.44222)
tiempo: preparacion=0.000 s  PSO=1.866 s  total=2.569 s  (0.0373 s/iter)
memoria: pico RSS=51.1 MB
CSV,2000,2000,50,997.442222,0.000,1.866,51.1
