# n=20 particulas=20 iters=100 w=0.70 c1=1.50 c2=1.50 hilos=12 semilla=4
# preparacion: 0.000 s | L_inicial=9.7373
# iter  mejor_global  t_iter(s)  t_total(s)
    1        8.8129      0.004       0.004
    2        8.6978      0.001       0.005
    3        8.6978      0.001       0.006
    4        8.5070      0.001       0.006
    5        8.3113      0.001       0.007
    6        8.3113      0.000       0.008
    7        8.3113      0.001       0.008
    8        8.0809      0.001       0.009
    9        8.0809      0.000       0.010
   10        7.7734      0.001       0.010
   11        7.7734      0.001       0.011
   12        7.7734      0.001       0.012
   13        7.6633      0.000       0.012
   14        6.7252      0.001       0.018
   15        6.7252      0.000       0.019
   16        6.7252      0.001       0.020
   17        6.7252      0.001       0.020
   18        6.3153      0.001       0.021
   19        6.2398      0.001       0.021
   20        6.2398      0.001       0.022
   21        6.2398      0.000       0.023
   22        6.2398      0.001       0.023
   23        6.2398      0.001       0.024
   24        5.6772      0.001       0.025
   25        5.6772      0.000       0.025
   26        5.6772      0.001       0.026
   27        5.6772      0.001       0.027
   28        5.6772      0.001       0.028
   29        5.6529      0.001       0.029
   30        5.6529      0.001       0.029
   31        5.6529      0.001       0.030
   32        5.3499      0.001       0.031
   33        5.3499      0.001       0.031
   34        5.1198      0.001       0.032
   35        5.1198      0.001       0.032
   36        5.1198      0.001       0.033
   37        5.1198      0.001       0.033
   38        5.1198      0.001       0.034
   39        5.1198      0.001       0.035
   40        5.1198      0.001       0.035
   41        5.1198      0.001       0.036
   42        4.9912      0.000       0.037
   43        4.9912      0.001       0.037
   44        4.9912      0.001       0.038
   45        4.9912      0.001       0.039
   46        4.8582      0.001       0.039
   47        4.7722      0.001       0.040
   48        4.7722      0.001       0.041
   49        4.7436      0.001       0.041
   50        4.5529      0.001       0.042
   51        4.5529      0.001       0.043
   52        4.5529      0.000       0.043
   53        4.5529      0.001       0.044
   54        4.5529      0.000       0.044
   55        4.5529      0.001       0.045
   56        4.5529      0.000       0.046
   57        4.5529      0.000       0.046
   58        4.5438      0.001       0.047
   59        4.5438      0.000       0.048
   60        4.5438      0.000       0.048
   61        4.3222      0.001       0.049
   62        4.2193      0.001       0.049
   63        4.2071      0.001       0.050
   64        4.2071      0.001       0.051
   65        4.2071      0.001       0.051
   66        4.2071      0.000       0.052
   67        4.2071      0.001       0.053
   68        4.2071      0.001       0.053
   69        4.2071      0.001       0.054
   70        4.0746      0.001       0.054
   71        4.0746      0.001       0.055
   72        4.0746      0.001       0.056
   73        4.0746      0.001       0.056
   74        4.0746      0.001       0.057
   75        4.0746      0.000       0.058
   76        4.0746      0.001       0.058
   77        4.0746      0.001       0.059
   78        4.0746      0.001       0.060
   79        4.0746      0.001       0.061
   80        4.0746      0.001       0.061
   81        4.0746      0.001       0.062
   82        4.0746      0.001       0.062
   83        4.0746      0.001       0.063
   84        4.0746      0.001       0.064
   85        4.0746      0.001       0.064
   86        4.0746      0.001       0.065
   87        4.0746      0.001       0.066
   88        4.0746      0.001       0.066
   89        4.0746      0.000       0.067
   90        4.0746      0.000       0.067
   91        4.0746      0.001       0.068
   92        4.0746      0.000       0.069
   93        4.0746      0.001       0.069
   94        4.0746      0.001       0.070
   95        4.0746      0.001       0.071
   96        4.0746      0.001       0.071
   97        4.0746      0.001       0.072
   98        4.0746      0.001       0.072
   99        4.0746      0.001       0.073
  100        4.0746      0.001       0.074
# ---- resumen ----
n=20 particulas=20 iters=100 tour_valido=SI L_mejor=4.07461 (verificado 4.07461)
optimo_exacto(Held-Karp)=4.07461  gap=0.000%
tiempo: preparacion=0.000 s  PSO=0.074 s  total=0.074 s  (0.0007 s/iter)
memoria: pico RSS=5.0 MB
CSV,20,20,100,4.074614,0.000,0.074,5.0
