# n=20 particulas=20 iters=100 w=0.70 c1=1.50 c2=1.50 hilos=12 semilla=1
# preparacion: 0.000 s | L_inicial=8.7905
# iter  mejor_global  t_iter(s)  t_total(s)
    1        8.7905      0.005       0.005
    2        8.7905      0.001       0.005
    3        8.4845      0.001       0.006
    4        8.0276      0.000       0.007
    5        8.0064      0.000       0.007
    6        8.0064      0.001       0.008
    7        7.3314      0.001       0.008
    8        7.3314      0.001       0.009
    9        7.3314      0.001       0.010
   10        7.3314      0.001       0.011
   11        7.3314      0.001       0.011
   12        7.2100      0.001       0.012
   13        7.2100      0.001       0.013
   14        6.6296      0.000       0.014
   15        6.6146      0.001       0.015
   16        6.6146      0.001       0.015
   17        6.6146      0.000       0.016
   18        6.5929      0.001       0.017
   19        6.5929      0.001       0.018
   20        6.5929      0.001       0.018
   21        6.5929      0.000       0.019
   22        6.5929      0.001       0.020
   23        6.2811      0.001       0.020
   24        6.2811      0.001       0.021
   25        6.2811      0.001       0.022
   26        6.2811      0.001       0.022
   27        6.2811      0.001       0.023
   28        6.2811      0.001       0.023
   29        6.2811      0.001       0.024
   30        6.2811      0.001       0.025
   31        6.2811      0.001       0.025
   32        6.2811      0.001       0.026
   33        6.2301      0.001       0.027
   34        6.2301      0.001       0.027
   35        6.2301      0.001       0.028
   36        6.2301      0.000       0.029
   37        6.2301      0.001       0.029
   38        6.1772      0.001       0.030
   39        5.7929      0.001       0.030
   40        5.7903      0.001       0.031
   41        5.7903      0.001       0.032
   42        5.7903      0.001       0.032
   43        5.7903      0.000       0.033
   44        5.7903      0.001       0.034
   45        5.7903      0.001       0.034
   46        5.7903      0.000       0.035
   47        5.7903      0.001       0.036
   48        5.7903      0.001       0.036
   49        5.7903      0.001       0.037
   50        5.7903      0.001       0.038
   51        5.7903      0.001       0.038
   52        5.5468      0.001       0.039
   53        5.5468      0.001       0.040
   54        5.3650      0.001       0.040
   55        5.3650      0.001       0.041
   56        5.3650      0.001       0.041
   57        5.3650      0.000       0.042
   58        5.3650      0.001       0.043
   59        5.3650      0.001       0.043
   60        5.3650      0.001       0.044
   61        5.3449      0.001       0.045
   62        5.1695      0.001       0.045
   63        5.1479      0.001       0.046
   64        5.1334      0.001       0.046
   65        5.1334      0.001       0.047
   66        5.1334      0.001       0.048
   67        5.1307      0.001       0.048
   68        5.0852      0.001       0.049
   69        5.0852      0.001       0.050
   70        5.0852      0.001       0.051
   71        5.0852      0.001       0.052
   72        5.0211      0.001       0.053
   73        5.0211      0.000       0.053
   74        5.0211      0.001       0.054
   75        5.0211      0.001       0.055
   76        5.0211      0.001       0.056
   77        4.9993      0.001       0.056
   78        4.9993      0.000       0.057
   79        4.9993      0.001       0.057
   80        4.9993      0.001       0.058
   81        4.9993      0.001       0.059
   82        4.9993      0.001       0.059
   83        4.9993      0.001       0.060
   84        4.9993      0.001       0.061
   85        4.9993      0.001       0.061
   86        4.8767      0.001       0.062
   87        4.8767      0.001       0.062
   88        4.8767      0.000       0.063
   89        4.8040      0.001       0.064
   90        4.8040      0.000       0.064
   91        4.8040      0.001       0.065
   92        4.8040      0.001       0.065
   93        4.8040      0.000       0.066
   94        4.8040      0.001       0.067
   95        4.8040      0.000       0.067
   96        4.8040      0.001       0.068
   97        4.8040      0.001       0.069
   98        4.8040      0.001       0.069
   99        4.8040      0.001       0.070
  100        4.8040      0.001       0.071
# ---- resumen ----
n=20 particulas=20 iters=100 tour_valido=SI L_mejor=4.80401 (verificado 4.80401)
optimo_exacto(Held-Karp)=4.10594  gap=17.002%
tiempo: preparacion=0.000 s  PSO=0.071 s  total=0.071 s  (0.0007 s/iter)
memoria: pico RSS=5.0 MB
CSV,20,20,100,4.804014,0.000,0.071,5.0
