# n=2000 particulas=2000 iters=50 w=0.70 c1=1.50 c2=1.50 hilos=12 semilla=3
# preparacion: 0.000 s | L_inicial=1013.8944
# iter  mejor_global  t_iter(s)  t_total(s)
    1     1013.8944      0.067       0.067
    2     1013.8944      0.064       0.131
    3     1013.8944      0.044       0.175
    4     1006.6306      0.033       0.208
    5     1006.6306      0.034       0.243
    6     1006.6306      0.033       0.276
    7     1006.6306      0.033       0.309
    8     1006.6306      0.033       0.342
    9     1006.6306      0.034       0.376
   10     1006.6306      0.033       0.410
   11     1006.6306      0.033       0.442
   12     1006.6306      0.034       0.476
   13     1006.6306      0.033       0.509
   14     1006.6306      0.034       0.544
   15     1006.6306      0.034       0.578
   16     1006.6306      0.033       0.611
   17     1006.6306      0.033       0.644
   18     1006.6306      0.033       0.677
   19     1006.6306      0.033       0.710
   20     1006.6306      0.034       0.744
   21     1006.6306      0.034       0.777
   22     1006.6306      0.033       0.811
   23     1006.6306      0.033       0.844
   24     1006.6306      0.033       0.877
   25     1006.6306      0.033       0.910
   26     1006.6306      0.035       0.945
   27     1006.6306      0.033       0.978
   28     1006.6306      0.034       1.012
   29     1006.6306      0.033       1.045
   30     1006.6306      0.033       1.078
   31     1006.6306      0.033       1.111
   32     1006.6306      0.033       1.144
   33     1006.6306      0.034       1.178
   34     1006.6306      0.035       1.213
   35     1006.6306      0.034       1.247
   36     1006.6306      0.034       1.281
   37     1006.6306      0.033       1.314
   38     1006.6306      0.035       1.349
   39     1006.6306      0.033       1.382
   40     1006.6306      0.033       1.415
   41     1006.6306      0.033       1.449
   42     1006.6306      0.034       1.483
   43     1006.6306      0.033       1.516
   44     1006.6306      0.033       1.549
   45     1006.6306      0.034       1.583
   46     1006.6306      0.033       1.616
   47     1006.6306      0.034       1.650
   48     1006.6306      0.034       1.684
   49     1006.6306      0.034       1.718
   50     1006.6306      0.034       1.752
# ---- resumen ----
n=2000 particulas=2000 iters=50 tour_valido=SI L_mejor=1006.63065 (verificado 1006.63065)
tiempo: preparacion=0.000 s  PSO=1.752 s  total=2.389 s  (0.0350 s/iter)
memoria: pico RSS=51.1 MB
CSV,2000,2000,50,1006.630647,0.000,1.752,51.1
