# n=20 particulas=20 iters=100 w=0.70 c1=1.50 c2=1.50 hilos=12 semilla=3
# preparacion: 0.000 s | L_inicial=8.1674
# iter  mejor_global  t_iter(s)  t_total(s)
    1        7.5126      0.005       0.005
    2        7.5126      0.000       0.006
    3        7.5126      0.001       0.006
    4        7.5126      0.001       0.007
    5        7.5126      0.000       0.008
    6        7.5126      0.001       0.008
    7        7.5126      0.001       0.009
    8        7.5126      0.001       0.009
    9        7.1672      0.000       0.010
   10        7.1672      0.000       0.011
   11        7.1672      0.001       0.011
   12        7.1672      0.000       0.012
   13        7.1672      0.001       0.013
   14        7.1672      0.001       0.021
   15        7.1672      0.001       0.021
   16        7.1672      0.001       0.022
   17        7.1672      0.001       0.023
   18        7.1672      0.001       0.023
   19        7.1672      0.001       0.024
   20        7.1672      0.001       0.025
   21        7.1672      0.001       0.025
   22        7.1296      0.001       0.026
   23        6.0455      0.001       0.027
   24        6.0455      0.001       0.027
   25        6.0455      0.001       0.028
   26        6.0455      0.001       0.029
   27        6.0455      0.001       0.029
   28        6.0455      0.001       0.030
   29        5.9911      0.001       0.031
   30        5.7912      0.000       0.031
   31        5.4088      0.001       0.032
   32        5.4088      0.001       0.033
   33        5.4088      0.001       0.033
   34        5.4088      0.001       0.034
   35        5.2353      0.001       0.034
   36        5.2353      0.001       0.035
   37        5.2110      0.001       0.036
   38        5.2110      0.000       0.036
   39        5.0580      0.001       0.037
   40        5.0580      0.001       0.038
   41        5.0580      0.001       0.038
   42        5.0580      0.001       0.039
   43        5.0580      0.001       0.039
   44        5.0580      0.001       0.040
   45        4.8925      0.001       0.041
   46        4.8444      0.001       0.041
   47        4.8444      0.001       0.042
   48        4.8444      0.001       0.043
   49        4.6683      0.001       0.043
   50        4.6683      0.001       0.044
   51        4.6683      0.001       0.045
   52        4.6683      0.001       0.045
   53        4.6683      0.001       0.046
   54        4.5304      0.001       0.047
   55        4.5304      0.001       0.047
   56        4.4137      0.001       0.048
   57        4.4137      0.001       0.049
   58        4.4137      0.001       0.049
   59        4.4137      0.001       0.050
   60        4.4137      0.001       0.051
   61        4.4137      0.001       0.051
   62        4.4088      0.001       0.052
   63        4.4088      0.001       0.052
   64        4.4088      0.001       0.053
   65        4.4088      0.000       0.054
   66        4.4088      0.001       0.054
   67        4.4088      0.001       0.055
   68        4.4088      0.001       0.056
   69        4.4088      0.001       0.056
   70        4.4088      0.000       0.057
   71        4.4088      0.001       0.057
   72        4.4088      0.001       0.058
   73        4.4085      0.001       0.059
   74        4.3562      0.001       0.059
   75        4.3562      0.000       0.060
   76        4.3562      0.001       0.061
   77        4.3562      0.001       0.061
   78        4.3562      0.001       0.062
   79        4.3562      0.001       0.062
   80        4.3562      0.001       0.063
   81        4.3562      0.001       0.064
   82        4.3562      0.000       0.064
   83        4.3562      0.001       0.065
   84        4.3562      0.000       0.066
   85        4.3562      0.000       0.066
   86        4.3562      0.001       0.067
   87        4.3562      0.001       0.067
   88        4.3562      0.001       0.068
   89        4.3562      0.000       0.069
   90        4.3562      0.001       0.069
   91        4.3562      0.001       0.070
   92        4.3562      0.001       0.071
   93        4.3562      0.001       0.071
   94        4.3562      0.000       0.072
   95        4.3562      0.001       0.072
   96        4.3562      0.001       0.073
   97        4.3562      0.001       0.074
   98        4.3562      0.001       0.074
   99        4.3562      0.001       0.075
  100        4.3562      0.001       0.076
# ---- resumen ----
n=20 particulas=20 iters=100 tour_valido=SI L_mejor=4.35616 (verificado 4.35616)
optimo_exacto(Held-Karp)=3.53736  gap=23.147%
tiempo: preparacion=0.000 s  PSO=0.076 s  total=0.076 s  (0.0008 s/iter)
memoria: pico RSS=5.0 MB
CSV,20,20,100,4.356162,0.000,0.076,5.0
