# n=20 particulas=20 iters=100 w=0.70 c1=1.50 c2=1.50 hilos=12 semilla=5
# preparacion: 0.000 s | L_inicial=9.5853
# iter  mejor_global  t_iter(s)  t_total(s)
    1        8.9037      0.005       0.005
    2        8.6439      0.001       0.006
    3        8.6439      0.001       0.007
    4        8.3720      0.001       0.008
    5        8.0877      0.001       0.008
    6        7.8631      0.001       0.009
    7        7.3623      0.001       0.010
    8        7.3623      0.001       0.011
    9        7.1078      0.001       0.011
   10        7.1078      0.001       0.012
   11        7.1078      0.001       0.013
   12        7.1078      0.001       0.013
   13        7.1078      0.001       0.014
   14        7.1078      0.001       0.021
   15        7.1078      0.001       0.022
   16        7.1078      0.001       0.023
   17        6.9866      0.001       0.024
   18        6.9866      0.001       0.024
   19        6.9866      0.001       0.025
   20        6.9866      0.001       0.026
   21        6.9866      0.000       0.026
   22        6.9866      0.001       0.027
   23        6.9866      0.001       0.028
   24        6.9342      0.001       0.028
   25        6.7327      0.001       0.029
   26        6.4574      0.001       0.030
   27        6.4574      0.001       0.030
   28        6.4574      0.001       0.031
   29        6.4574      0.001       0.031
   30        6.4574      0.001       0.032
   31        6.3283      0.001       0.033
   32        6.2882      0.001       0.033
   33        6.2882      0.001       0.034
   34        6.2882      0.001       0.035
   35        5.9952      0.001       0.035
   36        5.9714      0.001       0.036
   37        5.9714      0.001       0.036
   38        5.8145      0.001       0.037
   39        5.8145      0.000       0.038
   40        5.4841      0.001       0.038
   41        5.3705      0.001       0.039
   42        5.3705      0.000       0.040
   43        5.3705      0.001       0.040
   44        5.3705      0.001       0.041
   45        5.3705      0.001       0.042
   46        5.3705      0.001       0.042
   47        5.2465      0.001       0.043
   48        5.2465      0.001       0.043
   49        5.2465      0.001       0.044
   50        5.2465      0.001       0.045
   51        5.1593      0.001       0.046
   52        5.1593      0.001       0.046
   53        5.1593      0.001       0.047
   54        5.1593      0.001       0.048
   55        5.1593      0.001       0.048
   56        5.1593      0.001       0.049
   57        5.1593      0.000       0.049
   58        5.1491      0.000       0.050
   59        5.1101      0.001       0.051
   60        5.1101      0.000       0.051
   61        5.1101      0.000       0.052
   62        5.1101      0.001       0.052
   63        5.0972      0.001       0.053
   64        4.9350      0.001       0.054
   65        4.9350      0.001       0.054
   66        4.9350      0.001       0.055
   67        4.9350      0.001       0.056
   68        4.9350      0.001       0.057
   69        4.9350      0.001       0.058
   70        4.9350      0.000       0.058
   71        4.9350      0.001       0.059
   72        4.9350      0.001       0.059
   73        4.9350      0.001       0.060
   74        4.9350      0.000       0.061
   75        4.9350      0.000       0.061
   76        4.9350      0.001       0.062
   77        4.9277      0.001       0.062
   78        4.9277      0.001       0.063
   79        4.9277      0.000       0.064
   80        4.9277      0.001       0.064
   81        4.9277      0.001       0.065
   82        4.8784      0.001       0.066
   83        4.8784      0.001       0.066
   84        4.8784      0.001       0.067
   85        4.8784      0.001       0.067
   86        4.8784      0.001       0.068
   87        4.8784      0.001       0.069
   88        4.8784      0.001       0.069
   89        4.8784      0.001       0.070
   90        4.8784      0.001       0.070
   91        4.8784      0.001       0.071
   92        4.8784      0.001       0.072
   93        4.8784      0.001       0.073
   94        4.8784      0.001       0.073
   95        4.8784      0.001       0.074
   96        4.8784      0.001       0.074
   97        4.8784      0.001       0.075
   98        4.8784      0.000       0.076
   99        4.8784      0.001       0.076
  100        4.8784      0.001       0.077
# ---- resumen ----
n=20 particulas=20 iters=100 tour_valido=SI L_mejor=4.87842 (verificado 4.87842)
optimo_exacto(Held-Karp)=4.26586  gap=14.360%
tiempo: preparacion=0.000 s  PSO=0.077 s  total=0.077 s  (0.0008 s/iter)
memoria: pico RSS=5.0 MB
CSV,20,20,100,4.878418,0.000,0.077,5.0
