# n=20 particulas=20 iters=100 w=0.70 c1=1.50 c2=1.50 hilos=12 semilla=2
# preparacion: 0.000 s | L_inicial=9.3299
# iter  mejor_global  t_iter(s)  t_total(s)
    1        8.5723      0.004       0.004
    2        8.5723      0.000       0.005
    3        8.5723      0.000       0.006
    4        8.5723      0.000       0.006
    5        8.5723      0.001       0.007
    6        8.5723      0.001       0.008
    7        8.5723      0.001       0.008
    8        8.5723      0.001       0.009
    9        8.5723      0.001       0.010
   10        8.5723      0.001       0.010
   11        8.4927      0.000       0.011
   12        8.4335      0.001       0.012
   13        8.4262      0.001       0.012
   14        8.4262      0.001       0.018
   15        8.4262      0.001       0.019
   16        8.4262      0.001       0.020
   17        7.3672      0.001       0.021
   18        7.3672      0.001       0.021
   19        7.3672      0.001       0.022
   20        7.2558      0.001       0.022
   21        7.0773      0.000       0.023
   22        7.0773      0.000       0.024
   23        7.0773      0.001       0.024
   24        7.0773      0.001       0.025
   25        7.0773      0.000       0.025
   26        6.8886      0.001       0.026
   27        6.8886      0.001       0.027
   28        6.8886      0.001       0.027
   29        6.8886      0.001       0.028
   30        6.7232      0.001       0.029
   31        6.7232      0.001       0.030
   32        6.7232      0.001       0.030
   33        6.7232      0.001       0.031
   34        6.7232      0.001       0.031
   35        6.7232      0.001       0.032
   36        6.7232      0.001       0.033
   37        6.7232      0.000       0.033
   38        6.7232      0.001       0.034
   39        6.7232      0.001       0.035
   40        6.7232      0.001       0.035
   41        6.4683      0.001       0.036
   42        6.4683      0.001       0.037
   43        6.4683      0.001       0.037
   44        6.4683      0.001       0.038
   45        6.4683      0.001       0.038
   46        6.4683      0.001       0.039
   47        6.4683      0.001       0.040
   48        6.3918      0.001       0.040
   49        6.3918      0.000       0.041
   50        6.3918      0.001       0.041
   51        6.3918      0.000       0.042
   52        6.3918      0.001       0.043
   53        6.3918      0.001       0.043
   54        6.1751      0.000       0.044
   55        6.1426      0.001       0.044
   56        6.0748      0.001       0.045
   57        6.0748      0.001       0.046
   58        6.0748      0.001       0.046
   59        6.0748      0.001       0.047
   60        6.0133      0.001       0.047
   61        6.0133      0.001       0.048
   62        6.0094      0.001       0.049
   63        5.9805      0.001       0.049
   64        5.9805      0.001       0.050
   65        5.8579      0.001       0.051
   66        5.8579      0.001       0.051
   67        5.8579      0.001       0.052
   68        5.8579      0.001       0.052
   69        5.8579      0.001       0.053
   70        5.8579      0.001       0.054
   71        5.8579      0.000       0.054
   72        5.8579      0.001       0.055
   73        5.8579      0.001       0.055
   74        5.8579      0.001       0.056
   75        5.8579      0.001       0.057
   76        5.8579      0.001       0.057
   77        5.7798      0.001       0.058
   78        5.7798      0.001       0.058
   79        5.7576      0.001       0.059
   80        5.7576      0.001       0.060
   81        5.7576      0.001       0.060
   82        5.7576      0.001       0.061
   83        5.7576      0.001       0.061
   84        5.7576      0.001       0.062
   85        5.7576      0.001       0.063
   86        5.7576      0.001       0.064
   87        5.7576      0.001       0.064
   88        5.7576      0.001       0.065
   89        5.7576      0.001       0.065
   90        5.7576      0.000       0.066
   91        5.7576      0.001       0.067
   92        5.7576      0.001       0.067
   93        5.7232      0.001       0.068
   94        5.7232      0.000       0.068
   95        5.7232      0.001       0.069
   96        5.7232      0.000       0.069
   97        5.7232      0.001       0.070
   98        5.6974      0.001       0.071
   99        5.6974      0.001       0.071
  100        5.6925      0.000       0.072
# ---- resumen ----
n=20 particulas=20 iters=100 tour_valido=SI L_mejor=5.69251 (verificado 5.69251)
optimo_exacto(Held-Karp)=4.26964  gap=33.325%
tiempo: preparacion=0.000 s  PSO=0.072 s  total=0.072 s  (0.0007 s/iter)
memoria: pico RSS=5.0 MB
CSV,20,20,100,5.692505,0.000,0.072,5.0
