# n=2000 particulas=2000 iters=50 w=0.70 c1=1.50 c2=1.50 hilos=12 semilla=2
# preparacion: 0.000 s | L_inicial=997.9366
# iter  mejor_global  t_iter(s)  t_total(s)
    1      997.9366      0.129       0.129
    2      997.3483      0.059       0.189
    3      997.3483      0.033       0.222
    4      997.3483      0.032       0.254
    5      996.1828      0.033       0.288
    6      996.1828      0.035       0.323
    7      996.1828      0.033       0.356
    8      990.9867      0.033       0.389
    9      990.9867      0.034       0.423
   10      990.9867      0.033       0.456
   11      990.9867      0.033       0.489
   12      990.9867      0.033       0.522
   13      990.9867      0.034       0.555
   14      990.9867      0.034       0.596
   15      990.9867      0.035       0.631
   16      990.9867      0.033       0.664
   17      990.9867      0.034       0.698
   18      990.9867      0.033       0.731
   19      990.9867      0.033       0.765
   20      990.9867      0.032       0.797
   21      990.9867      0.033       0.830
   22      990.9867      0.033       0.863
   23      990.9867      0.033       0.896
   24      990.9867      0.033       0.929
   25      990.9867      0.035       0.964
   26      990.9867      0.033       0.996
   27      990.9867      0.033       1.030
   28      990.9867      0.032       1.062
   29      990.9867      0.033       1.095
   30      990.9867      0.034       1.129
   31      990.9867      0.033       1.162
   32      990.6171      0.033       1.195
   33      990.6171      0.033       1.228
   34      990.6171      0.033       1.261
   35      990.6171      0.033       1.294
   36      990.6171      0.033       1.327
   37      990.6171      0.033       1.360
   38      986.4507      0.033       1.393
   39      986.4507      0.033       1.426
   40      986.4507      0.033       1.459
   41      986.4507      0.033       1.492
   42      986.4507      0.033       1.525
   43      986.4507      0.033       1.558
   44      986.4507      0.033       1.591
   45      986.4507      0.033       1.624
   46      986.4507      0.033       1.657
   47      986.4507      0.033       1.690
   48      986.4507      0.033       1.724
   49      986.4507      0.034       1.757
   50      986.4507      0.033       1.790
# ---- resumen ----
n=2000 particulas=2000 iters=50 tour_valido=SI L_mejor=986.45068 (verificado 986.45068)
tiempo: preparacion=0.000 s  PSO=1.790 s  total=2.529 s  (0.0358 s/iter)
memoria: pico RSS=51.1 MB
CSV,2000,2000,50,986.450685,0.000,1.790,51.1
