# n=20 particulas=200 iters=300 w=0.70 c1=1.50 c2=1.50 hilos=12 semilla=2
# preparacion: 0.000 s | L_inicial=8.0380
# iter  mejor_global  t_iter(s)  t_total(s)
    1        8.0380      0.001       0.001
    2        7.1685      0.000       0.002
    3        7.1424      0.001       0.002
    4        6.6767      0.001       0.003
    5        6.6767      0.001       0.004
    6        6.6767      0.001       0.005
    7        6.3456      0.001       0.006
    8        6.3159      0.001       0.007
    9        6.2885      0.001       0.008
   10        6.2413      0.001       0.009
   11        6.2413      0.001       0.010
   12        6.1567      0.001       0.011
   13        6.0537      0.001       0.012
   14        6.0537      0.001       0.013
   15        6.0537      0.001       0.014
   16        6.0537      0.001       0.015
   17        6.0537      0.001       0.016
   18        6.0537      0.001       0.016
   19        6.0537      0.001       0.017
   20        5.8777      0.001       0.018
   21        5.7594      0.000       0.018
   22        5.6470      0.001       0.019
   23        5.4832      0.000       0.019
   24        5.4832      0.000       0.020
   25        5.4832      0.000       0.020
   26        5.4102      0.000       0.021
   27        5.4102      0.000       0.021
   28        5.3352      0.000       0.022
   29        5.3352      0.000       0.022
   30        5.3352      0.000       0.022
   31        5.3326      0.001       0.023
   32        5.3326      0.001       0.024
   33        5.3326      0.001       0.025
   34        5.3326      0.001       0.026
   35        5.3326      0.001       0.026
   36        5.3326      0.001       0.027
   37        5.3326      0.001       0.028
   38        5.3326      0.001       0.029
   39        5.3326      0.001       0.031
   40        5.2973      0.001       0.031
   41        5.2973      0.001       0.032
   42        5.2853      0.001       0.033
   43        5.2853      0.001       0.034
   44        5.2853      0.001       0.035
   45        5.2853      0.001       0.036
   46        5.2853      0.001       0.037
   47        5.2843      0.001       0.037
   48        5.2843      0.000       0.038
   49        5.2843      0.000       0.038
   50        5.2843      0.000       0.039
   51        5.2832      0.000       0.039
   52        5.2817      0.000       0.040
   53        5.1179      0.000       0.040
   54        5.1179      0.000       0.040
   55        5.0451      0.000       0.041
   56        5.0451      0.000       0.041
   57        5.0451      0.000       0.041
   58        5.0451      0.000       0.041
   59        5.0451      0.000       0.042
   60        5.0451      0.000       0.042
   61        5.0451      0.000       0.042
   62        5.0451      0.000       0.042
   63        5.0451      0.000       0.042
   64        5.0451      0.000       0.042
   65        5.0431      0.000       0.043
   66        5.0431      0.000       0.043
   67        4.5731      0.000       0.043
   68        4.5731      0.000       0.043
   69        4.5731      0.001       0.044
   70        4.5731      0.001       0.045
   71        4.5731      0.001       0.046
   72        4.5731      0.001       0.047
   73        4.5731      0.001       0.047
   74        4.5731      0.001       0.048
   75        4.5731      0.001       0.049
   76        4.5731      0.001       0.050
   77        4.5731      0.001       0.050
   78        4.5731      0.001       0.051
   79        4.5731      0.001       0.052
   80        4.5731      0.001       0.053
   81        4.5731      0.001       0.054
   82        4.5731      0.001       0.055
   83        4.5731      0.001       0.056
   84        4.5731      0.001       0.057
   85        4.5731      0.000       0.057
   86        4.5731      0.001       0.058
   87        4.5731      0.001       0.059
   88        4.5731      0.001       0.060
   89        4.5731      0.001       0.061
   90        4.5731      0.001       0.062
   91        4.5731      0.001       0.063
   92        4.3205      0.001       0.064
   93        4.2696      0.001       0.066
   94        4.2696      0.002       0.067
   95        4.2696      0.001       0.069
   96        4.2696      0.001       0.070
   97        4.2696      0.001       0.070
   98        4.2696      0.001       0.071
   99        4.2696      0.001       0.072
  100        4.2696      0.001       0.072
  101        4.2696      0.001       0.073
  102        4.2696      0.001       0.074
  103        4.2696      0.001       0.075
  104        4.2696      0.000       0.075
  105        4.2696      0.001       0.076
  106        4.2696      0.000       0.076
  107        4.2696      0.001       0.077
  108        4.2696      0.000       0.077
  109        4.2696      0.000       0.078
  110        4.2696      0.001       0.078
  111        4.2696      0.000       0.079
  112        4.2696      0.000       0.079
  113        4.2696      0.000       0.080
  114        4.2696      0.000       0.080
  115        4.2696      0.000       0.081
  116        4.2696      0.000       0.081
  117        4.2696      0.000       0.081
  118        4.2696      0.000       0.082
  119        4.2696      0.000       0.082
  120        4.2696      0.000       0.082
  121        4.2696      0.000       0.083
  122        4.2696      0.000       0.083
  123        4.2696      0.000       0.083
  124        4.2696      0.000       0.083
  125        4.2696      0.000       0.083
  126        4.2696      0.000       0.084
  127        4.2696      0.000       0.084
  128        4.2696      0.000       0.084
  129        4.2696      0.000       0.084
  130        4.2696      0.000       0.084
  131        4.2696      0.000       0.085
  132        4.2696      0.000       0.085
  133        4.2696      0.000       0.085
  134        4.2696      0.000       0.085
  135        4.2696      0.000       0.085
  136        4.2696      0.000       0.085
  137        4.2696      0.000       0.086
  138        4.2696      0.000       0.086
  139        4.2696      0.000       0.086
  140        4.2696      0.000       0.086
  141        4.2696      0.000       0.086
  142        4.2696      0.000       0.087
  143        4.2696      0.000       0.087
  144        4.2696      0.000       0.087
  145        4.2696      0.000       0.087
  146        4.2696      0.000       0.087
  147        4.2696      0.000       0.087
  148        4.2696      0.000       0.088
  149        4.2696      0.000       0.088
  150        4.2696      0.000       0.088
  151        4.2696      0.000       0.088
  152        4.2696      0.000       0.088
  153        4.2696      0.000       0.089
  154        4.2696      0.000       0.089
  155        4.2696      0.000       0.089
  156        4.2696      0.000       0.089
  157        4.2696      0.000       0.089
  158        4.2696      0.000       0.089
  159        4.2696      0.000       0.090
  160        4.2696      0.000       0.090
  161        4.2696      0.000       0.090
  162        4.2696      0.001       0.091
  163        4.2696      0.001       0.092
  164        4.2696      0.001       0.093
  165        4.2696      0.001       0.094
  166        4.2696      0.001       0.094
  167        4.2696      0.001       0.095
  168        4.2696      0.001       0.096
  169        4.2696      0.001       0.097
  170        4.2696      0.001       0.098
  171        4.2696      0.001       0.099
  172        4.2696      0.001       0.100
  173        4.2696      0.001       0.100
  174        4.2696      0.001       0.101
  175        4.2696      0.001       0.102
  176        4.2696      0.000       0.102
  177        4.2696      0.000       0.102
  178        4.2696      0.000       0.103
  179        4.2696      0.001       0.104
  180        4.2696      0.001       0.105
  181        4.2696      0.001       0.105
  182        4.2696      0.001       0.106
  183        4.2696      0.001       0.107
  184        4.2696      0.001       0.108
  185        4.2696      0.001       0.109
  186        4.2696      0.001       0.109
  187        4.2696      0.001       0.110
  188        4.2696      0.001       0.111
  189        4.2696      0.001       0.112
  190        4.2696      0.001       0.113
  191        4.2696      0.001       0.114
  192        4.2696      0.001       0.114
  193        4.2696      0.001       0.115
  194        4.2696      0.000       0.116
  195        4.2696      0.000       0.116
  196        4.2696      0.000       0.116
  197        4.2696      0.000       0.116
  198        4.2696      0.000       0.116
  199        4.2696      0.000       0.116
  200        4.2696      0.000       0.117
  201        4.2696      0.000       0.117
  202        4.2696      0.000       0.117
  203        4.2696      0.000       0.117
  204        4.2696      0.000       0.117
  205        4.2696      0.000       0.117
  206        4.2696      0.000       0.118
  207        4.2696      0.000       0.118
  208        4.2696      0.000       0.118
  209        4.2696      0.000       0.118
  210        4.2696      0.000       0.118
  211        4.2696      0.000       0.119
  212        4.2696      0.000       0.119
  213        4.2696      0.000       0.119
  214        4.2696      0.000       0.119
  215        4.2696      0.000       0.119
  216        4.2696      0.000       0.119
  217        4.2696      0.000       0.120
  218        4.2696      0.000       0.120
  219        4.2696      0.000       0.120
  220        4.2696      0.000       0.120
  221        4.2696      0.000       0.120
  222        4.2696      0.000       0.120
  223        4.2696      0.000       0.121
  224        4.2696      0.000       0.121
  225        4.2696      0.000       0.121
  226        4.2696      0.000       0.121
  227        4.2696      0.000       0.121
  228        4.2696      0.000       0.121
  229        4.2696      0.000       0.122
  230        4.2696      0.000       0.122
  231        4.2696      0.000       0.122
  232        4.2696      0.000       0.122
  233        4.2696      0.000       0.122
  234        4.2696      0.000       0.123
  235        4.2696      0.000       0.123
  236        4.2696      0.000       0.123
  237        4.2696      0.000       0.123
  238        4.2696      0.000       0.123
  239        4.2696      0.000       0.123
  240        4.2696      0.000       0.124
  241        4.2696      0.000       0.124
  242        4.2696      0.000       0.124
  243        4.2696      0.000       0.124
  244        4.2696      0.000       0.124
  245        4.2696      0.000       0.125
  246        4.2696      0.000       0.125
  247        4.2696      0.000       0.125
  248        4.2696      0.000       0.125
  249        4.2696      0.000       0.125
  250        4.2696      0.000       0.125
  251        4.2696      0.000       0.126
  252        4.2696      0.000       0.126
  253        4.2696      0.000       0.126
  254        4.2696      0.000       0.126
  255        4.2696      0.000       0.126
  256        4.2696      0.000       0.126
  257        4.2696      0.000       0.127
  258        4.2696      0.000       0.127
  259        4.2696      0.000       0.127
  260        4.2696      0.000       0.127
  261        4.2696      0.000       0.127
  262        4.2696      0.000       0.127
  263        4.2696      0.000       0.128
  264        4.2696      0.000       0.128
  265        4.2696      0.000       0.128
  266        4.2696      0.000       0.128
  267        4.2696      0.000       0.128
  268        4.2696      0.000       0.129
  269        4.2696      0.000       0.129
  270        4.2696      0.000       0.129
  271        4.2696      0.000       0.129
  272        4.2696      0.000       0.129
  273        4.2696      0.000       0.129
  274        4.2696      0.000       0.130
  275        4.2696      0.000       0.130
  276        4.2696      0.000       0.130
  277        4.2696      0.000       0.130
  278        4.2696      0.000       0.131
  279        4.2696      0.001       0.132
  280        4.2696      0.001       0.132
  281        4.2696      0.001       0.133
  282        4.2696      0.001       0.134
  283        4.2696      0.001       0.135
  284        4.2696      0.001       0.136
  285        4.2696      0.001       0.137
  286        4.2696      0.001       0.138
  287        4.2696      0.001       0.139
  288        4.2696      0.001       0.140
  289        4.2696      0.001       0.141
  290        4.2696      0.001       0.142
  291        4.2696      0.001       0.142
  292        4.2696      0.001       0.143
  293        4.2696      0.001       0.144
  294        4.2696      0.000       0.144
  295        4.2696      0.000       0.144
  296        4.2696      0.000       0.144
  297        4.2696      0.000       0.145
  298        4.2696      0.000       0.145
  299        4.2696      0.000       0.145
  300        4.2696      0.000       0.145
# ---- resumen ----
n=20 particulas=200 iters=300 tour_valido=SI L_mejor=4.26964 (verificado 4.26964)
optimo_exacto(Held-Karp)=4.26964  gap=0.000%
tiempo: preparacion=0.000 s  PSO=0.145 s  total=0.145 s  (0.0005 s/iter)
memoria: pico RSS=4.5 MB
CSV,20,200,300,4.269638,0.000,0.145,4.5
