# n=2000 particulas=200 iters=500 w=0.70 c1=1.50 c2=1.50 hilos=12 semilla=3
# preparacion: 0.000 s | L_inicial=1013.8944
# iter  mejor_global  t_iter(s)  t_total(s)
    1     1013.8944      0.006       0.006
    2     1013.8944      0.003       0.009
    3     1013.8944      0.003       0.012
    4     1013.8944      0.003       0.015
    5     1013.8944      0.003       0.018
    6     1013.8944      0.012       0.030
    7     1013.8944      0.007       0.038
    8     1013.8944      0.006       0.043
    9     1013.8944      0.005       0.048
   10     1013.8944      0.004       0.053
   11     1011.1892      0.004       0.056
   12     1011.1892      0.005       0.061
   13     1011.1892      0.003       0.064
   14     1011.1892      0.006       0.078
   15     1011.1892      0.012       0.090
   16     1011.1892      0.007       0.097
   17     1011.1892      0.006       0.102
   18     1011.1892      0.005       0.107
   19     1011.1892      0.004       0.111
   20     1011.1892      0.004       0.116
   21     1011.1892      0.003       0.119
   22     1011.1892      0.003       0.122
   23     1011.1892      0.003       0.125
   24     1011.1892      0.003       0.128
   25     1011.1892      0.007       0.135
   26     1011.1892      0.011       0.146
   27     1011.1892      0.006       0.152
   28     1011.1892      0.005       0.158
   29     1011.1892      0.005       0.162
   30     1011.1892      0.004       0.166
   31     1011.1892      0.004       0.170
   32     1011.1892      0.003       0.174
   33     1011.1892      0.003       0.177
   34     1011.1892      0.003       0.180
   35     1011.1892      0.003       0.183
   36     1011.1892      0.003       0.186
   37     1011.1892      0.011       0.197
   38     1011.1892      0.006       0.203
   39     1011.1892      0.004       0.207
   40     1011.1892      0.004       0.211
   41     1011.1892      0.004       0.215
   42     1011.1892      0.004       0.219
   43     1011.1892      0.006       0.224
   44     1011.1892      0.012       0.236
   45     1011.1892      0.004       0.240
   46     1011.1892      0.004       0.244
   47     1011.1892      0.004       0.248
   48     1011.1892      0.003       0.251
   49     1011.1892      0.003       0.254
   50     1011.1892      0.003       0.257
   51     1011.1892      0.005       0.263
   52     1011.1892      0.012       0.275
   53     1011.1892      0.007       0.282
   54     1011.1892      0.006       0.288
   55     1011.1892      0.005       0.293
   56     1011.1892      0.004       0.297
   57     1011.1892      0.004       0.301
   58     1011.1892      0.004       0.305
   59     1011.1892      0.003       0.308
   60     1011.1892      0.003       0.312
   61     1011.1892      0.004       0.316
   62     1009.6238      0.005       0.320
   63     1009.6238      0.015       0.335
   64     1009.6238      0.007       0.342
   65     1009.6238      0.006       0.348
   66     1009.6238      0.005       0.354
   67     1009.6238      0.004       0.358
   68     1009.6238      0.004       0.363
   69     1009.6238      0.004       0.366
   70     1009.6238      0.003       0.370
   71     1009.6238      0.003       0.373
   72     1009.6238      0.008       0.381
   73     1009.6238      0.011       0.392
   74     1009.6238      0.007       0.399
   75     1009.6238      0.006       0.405
   76     1009.6238      0.005       0.411
   77     1009.6238      0.004       0.415
   78     1009.6238      0.004       0.419
   79     1009.6238      0.004       0.424
   80     1009.6238      0.004       0.428
   81     1009.6238      0.007       0.435
   82     1009.6238      0.013       0.448
   83     1009.6238      0.007       0.455
   84     1009.6238      0.006       0.461
   85     1007.1348      0.005       0.466
   86     1007.1348      0.004       0.470
   87     1007.1348      0.004       0.474
   88     1007.1348      0.004       0.478
   89     1007.1348      0.003       0.481
   90     1007.1348      0.003       0.485
   91     1007.1348      0.006       0.491
   92     1007.1348      0.012       0.503
   93     1007.1348      0.007       0.510
   94     1007.1348      0.006       0.516
   95     1007.1348      0.005       0.520
   96     1007.1348      0.004       0.525
   97     1007.1348      0.004       0.529
   98     1007.1348      0.004       0.533
   99     1007.1348      0.004       0.536
  100     1006.5188      0.003       0.539
  101     1006.5188      0.003       0.542
  102     1006.5188      0.013       0.555
  103     1006.5188      0.008       0.563
  104     1005.8268      0.006       0.569
  105     1005.8268      0.005       0.575
  106     1005.8268      0.005       0.579
  107     1005.8268      0.004       0.583
  108     1005.8268      0.004       0.587
  109     1005.8268      0.004       0.591
  110     1005.8268      0.003       0.594
  111     1005.4063      0.003       0.597
  112     1005.4063      0.010       0.608
  113     1005.4063      0.011       0.619
  114     1005.4063      0.006       0.625
  115     1005.4063      0.006       0.631
  116     1005.4063      0.005       0.636
  117     1005.4063      0.004       0.640
  118     1005.4063      0.004       0.644
  119     1005.4063      0.004       0.647
  120     1005.4063      0.004       0.651
  121     1005.4063      0.003       0.654
  122     1005.4063      0.011       0.665
  123     1005.4063      0.009       0.674
  124     1005.4063      0.007       0.681
  125     1005.1205      0.005       0.686
  126     1005.1205      0.004       0.690
  127     1005.1205      0.004       0.694
  128     1005.1205      0.004       0.698
  129     1005.1205      0.003       0.701
  130     1005.1205      0.003       0.705
  131     1005.1205      0.003       0.708
  132     1005.1205      0.005       0.712
  133     1005.1205      0.013       0.725
  134     1005.1205      0.008       0.733
  135     1002.9773      0.005       0.739
  136     1002.3785      0.005       0.743
  137     1002.3785      0.005       0.748
  138     1002.3785      0.004       0.752
  139     1002.3785      0.003       0.755
  140     1002.3785      0.003       0.759
  141     1002.3785      0.004       0.762
  142     1002.3785      0.003       0.765
  143     1002.3785      0.007       0.772
  144     1002.3785      0.011       0.784
  145     1002.3785      0.007       0.790
  146     1000.6789      0.006       0.796
  147     1000.6789      0.005       0.800
  148     1000.6789      0.004       0.804
  149     1000.6789      0.004       0.808
  150     1000.6789      0.004       0.812
  151     1000.6789      0.004       0.816
  152      998.2907      0.003       0.819
  153      998.2907      0.003       0.822
  154      998.2907      0.010       0.831
  155      998.2907      0.009       0.841
  156      996.8369      0.007       0.848
  157      995.6434      0.005       0.853
  158      995.6434      0.004       0.857
  159      995.6434      0.004       0.862
  160      995.6434      0.004       0.866
  161      995.6434      0.003       0.869
  162      995.6434      0.003       0.872
  163      993.4742      0.003       0.875
  164      993.4742      0.003       0.879
  165      993.4742      0.015       0.894
  166      993.4742      0.009       0.903
  167      993.4742      0.006       0.909
  168      993.4742      0.005       0.914
  169      993.4742      0.005       0.919
  170      993.4742      0.004       0.923
  171      992.4522      0.004       0.926
  172      992.4522      0.004       0.930
  173      992.4522      0.003       0.933
  174      992.4522      0.008       0.941
  175      992.4522      0.011       0.953
  176      992.4522      0.007       0.960
  177      992.4522      0.005       0.965
  178      992.4522      0.005       0.970
  179      992.4522      0.004       0.974
  180      992.4522      0.004       0.978
  181      992.4522      0.004       0.981
  182      992.4522      0.003       0.985
  183      991.8658      0.003       0.988
  184      991.8658      0.003       0.991
  185      991.8658      0.013       1.004
  186      991.8658      0.007       1.011
  187      991.4146      0.005       1.017
  188      991.4146      0.005       1.022
  189      991.4146      0.004       1.026
  190      991.4146      0.004       1.030
  191      991.1063      0.004       1.034
  192      991.1063      0.003       1.037
  193      991.1063      0.003       1.040
  194      990.2790      0.003       1.043
  195      989.5662      0.003       1.046
  196      989.5662      0.011       1.057
  197      989.5662      0.009       1.065
  198      989.5662      0.006       1.071
  199      989.5662      0.005       1.077
  200      989.5662      0.005       1.081
  201      989.5662      0.004       1.085
  202      989.5662      0.004       1.089
  203      989.5662      0.004       1.093
  204      989.5662      0.004       1.097
  205      989.5662      0.003       1.100
  206      989.5662      0.005       1.106
  207      989.5662      0.013       1.119
  208      989.5662      0.007       1.126
  209      989.5662      0.006       1.132
  210      989.5662      0.006       1.138
  211      989.5662      0.005       1.143
  212      989.5662      0.004       1.148
  213      989.4372      0.004       1.151
  214      989.4372      0.004       1.155
  215      989.3139      0.015       1.176
  216      989.3139      0.009       1.185
  217      989.3139      0.006       1.191
  218      989.3139      0.006       1.197
  219      989.3139      0.005       1.201
  220      989.3139      0.004       1.205
  221      989.3139      0.004       1.209
  222      989.3139      0.004       1.213
  223      989.1419      0.003       1.216
  224      989.1419      0.003       1.219
  225      988.8745      0.003       1.222
  226      988.8745      0.014       1.236
  227      988.8745      0.007       1.244
  228      988.8745      0.006       1.250
  229      988.8745      0.005       1.254
  230      986.0975      0.004       1.259
  231      986.0975      0.005       1.263
  232      986.0975      0.003       1.267
  233      986.0975      0.003       1.270
  234      986.0975      0.003       1.273
  235      986.0975      0.003       1.277
  236      986.0975      0.011       1.287
  237      986.0975      0.010       1.297
  238      986.0975      0.006       1.303
  239      986.0975      0.005       1.308
  240      986.0975      0.005       1.313
  241      986.0975      0.004       1.317
  242      986.0975      0.004       1.321
  243      986.0975      0.003       1.324
  244      985.8324      0.004       1.329
  245      985.8324      0.003       1.332
  246      985.7580      0.008       1.340
  247      985.7580      0.013       1.353
  248      985.6977      0.007       1.360
  249      985.6977      0.006       1.366
  250      985.5317      0.005       1.371
  251      985.5317      0.005       1.375
  252      985.5317      0.004       1.379
  253      985.5317      0.004       1.383
  254      985.5317      0.014       1.397
  255      985.5317      0.008       1.405
  256      985.5317      0.006       1.411
  257      985.5317      0.005       1.416
  258      985.5317      0.005       1.420
  259      985.4670      0.004       1.425
  260      985.4670      0.004       1.429
  261      985.4067      0.004       1.433
  262      985.4067      0.004       1.436
  263      985.4067      0.006       1.442
  264      985.4067      0.013       1.455
  265      985.1076      0.008       1.463
  266      985.1076      0.006       1.469
  267      985.1076      0.005       1.475
  268      985.1076      0.004       1.479
  269      985.1076      0.004       1.483
  270      985.1076      0.004       1.487
  271      985.1076      0.003       1.490
  272      985.1076      0.003       1.493
  273      985.1076      0.008       1.501
  274      985.1076      0.011       1.512
  275      985.1076      0.007       1.518
  276      985.1076      0.006       1.524
  277      985.1076      0.005       1.529
  278      985.1076      0.005       1.534
  279      985.1076      0.004       1.539
  280      985.1076      0.004       1.543
  281      985.1076      0.004       1.547
  282      985.1076      0.003       1.550
  283      985.1076      0.014       1.564
  284      985.1076      0.008       1.572
  285      985.1076      0.007       1.579
  286      985.1076      0.007       1.586
  287      985.1076      0.005       1.591
  288      985.1076      0.004       1.595
  289      985.1076      0.004       1.598
  290      985.1076      0.003       1.602
  291      985.1076      0.003       1.605
  292      985.1076      0.007       1.611
  293      985.1076      0.012       1.623
  294      985.1076      0.007       1.630
  295      985.1076      0.006       1.636
  296      985.1076      0.005       1.641
  297      985.1076      0.004       1.645
  298      985.1076      0.004       1.649
  299      985.1076      0.004       1.653
  300      985.1076      0.004       1.657
  301      985.1076      0.003       1.660
  302      985.1076      0.005       1.665
  303      985.1076      0.013       1.678
  304      985.1076      0.008       1.686
  305      985.1076      0.006       1.692
  306      985.1076      0.004       1.697
  307      985.1076      0.004       1.701
  308      985.1076      0.004       1.705
  309      985.1076      0.004       1.709
  310      985.1076      0.004       1.713
  311      985.1076      0.004       1.717
  312      985.1076      0.013       1.730
  313      985.1076      0.009       1.739
  314      985.1076      0.007       1.746
  315      985.1076      0.006       1.751
  316      985.1076      0.006       1.758
  317      985.1076      0.005       1.762
  318      985.1076      0.004       1.766
  319      985.1076      0.003       1.769
  320      985.1076      0.003       1.773
  321      985.1076      0.006       1.779
  322      985.1076      0.012       1.791
  323      985.1076      0.008       1.799
  324      985.1076      0.006       1.805
  325      985.1076      0.005       1.810
  326      985.1076      0.004       1.814
  327      985.1076      0.004       1.818
  328      985.1076      0.004       1.822
  329      985.1076      0.003       1.826
  330      985.1076      0.003       1.829
  331      985.1076      0.006       1.835
  332      985.1076      0.013       1.848
  333      985.1076      0.007       1.855
  334      985.1076      0.005       1.860
  335      985.1076      0.005       1.865
  336      985.1076      0.004       1.869
  337      985.1076      0.004       1.873
  338      985.1076      0.004       1.877
  339      985.1076      0.003       1.881
  340      985.1076      0.003       1.884
  341      984.9868      0.003       1.887
  342      982.2823      0.014       1.901
  343      982.2823      0.008       1.909
  344      982.2823      0.006       1.915
  345      982.2823      0.005       1.921
  346      982.2823      0.004       1.925
  347      982.2823      0.004       1.930
  348      981.0960      0.003       1.933
  349      981.0960      0.004       1.937
  350      981.0960      0.003       1.940
  351      981.0960      0.004       1.944
  352      981.0960      0.014       1.958
  353      981.0960      0.007       1.965
  354      980.5864      0.005       1.970
  355      980.5864      0.005       1.975
  356      980.5864      0.005       1.980
  357      979.7047      0.004       1.984
  358      979.7047      0.004       1.988
  359      979.7047      0.003       1.991
  360      979.7047      0.003       1.994
  361      979.7047      0.003       1.997
  362      979.7047      0.007       2.004
  363      979.7047      0.011       2.015
  364      979.7047      0.006       2.022
  365      979.7047      0.005       2.027
  366      979.2874      0.004       2.032
  367      979.2874      0.004       2.036
  368      979.2874      0.004       2.040
  369      978.6352      0.003       2.043
  370      978.6352      0.003       2.046
  371      978.6352      0.003       2.050
  372      978.6352      0.003       2.053
  373      978.6352      0.005       2.057
  374      978.6352      0.013       2.071
  375      978.6352      0.008       2.078
  376      977.1650      0.006       2.085
  377      977.1650      0.004       2.089
  378      976.9809      0.004       2.093
  379      976.9809      0.004       2.098
  380      976.9809      0.003       2.101
  381      976.9809      0.003       2.105
  382      976.9809      0.003       2.108
  383      976.9809      0.003       2.111
  384      976.9809      0.013       2.124
  385      976.9809      0.007       2.132
  386      976.9809      0.005       2.137
  387      976.9809      0.004       2.141
  388      976.9809      0.005       2.146
  389      976.9809      0.004       2.150
  390      976.9809      0.003       2.153
  391      976.9809      0.003       2.156
  392      976.9809      0.003       2.159
  393      976.9809      0.003       2.163
  394      976.9809      0.003       2.165
  395      976.9809      0.006       2.171
  396      976.9809      0.012       2.183
  397      976.9809      0.006       2.189
  398      976.9809      0.006       2.195
  399      976.9000      0.004       2.199
  400      976.9000      0.004       2.203
  401      976.9000      0.003       2.207
  402      976.9000      0.004       2.210
  403      975.8375      0.003       2.214
  404      975.8375      0.003       2.217
  405      975.8136      0.003       2.219
  406      975.8136      0.003       2.222
  407      975.8136      0.009       2.231
  408      975.8136      0.009       2.240
  409      973.2866      0.006       2.246
  410      973.2866      0.005       2.252
  411      973.2866      0.004       2.256
  412      973.2866      0.004       2.260
  413      973.2866      0.004       2.264
  414      973.0248      0.003       2.267
  415      973.0248      0.003       2.270
  416      972.1068      0.003       2.273
  417      969.5902      0.003       2.276
  418      969.5902      0.004       2.280
  419      969.5902      0.013       2.293
  420      969.5902      0.007       2.300
  421      969.5902      0.005       2.305
  422      969.5902      0.005       2.311
  423      969.5902      0.004       2.315
  424      969.5902      0.003       2.318
  425      968.2899      0.004       2.322
  426      968.2899      0.003       2.325
  427      968.2899      0.004       2.329
  428      968.2899      0.003       2.332
  429      968.2899      0.006       2.338
  430      968.2899      0.014       2.352
  431      968.2899      0.006       2.358
  432      967.9093      0.006       2.364
  433      967.9093      0.005       2.369
  434      967.9093      0.004       2.373
  435      967.9093      0.004       2.377
  436      965.1070      0.003       2.381
  437      965.1070      0.003       2.384
  438      965.1070      0.003       2.387
  439      965.1070      0.003       2.389
  440      965.1070      0.008       2.397
  441      965.1070      0.011       2.408
  442      965.1070      0.007       2.415
  443      965.1070      0.005       2.420
  444      965.1070      0.004       2.424
  445      965.1070      0.004       2.428
  446      965.1070      0.004       2.432
  447      965.1070      0.003       2.435
  448      965.1070      0.003       2.439
  449      965.1070      0.003       2.442
  450      965.1070      0.003       2.445
  451      965.1070      0.007       2.452
  452      965.1070      0.011       2.464
  453      964.9393      0.006       2.470
  454      964.9393      0.006       2.477
  455      964.4713      0.005       2.482
  456      964.4713      0.004       2.485
  457      964.4713      0.004       2.489
  458      964.4713      0.004       2.493
  459      964.4713      0.004       2.496
  460      963.9064      0.003       2.499
  461      963.9064      0.003       2.502
  462      963.9064      0.012       2.514
  463      962.7617      0.008       2.522
  464      959.5892      0.007       2.529
  465      959.5892      0.004       2.538
  466      959.5892      0.004       2.542
  467      959.5892      0.004       2.546
  468      959.5892      0.003       2.549
  469      959.5892      0.003       2.553
  470      959.5892      0.003       2.556
  471      959.5892      0.003       2.559
  472      959.5892      0.013       2.572
  473      959.5892      0.007       2.579
  474      959.5892      0.005       2.584
  475      959.5892      0.005       2.589
  476      959.5892      0.005       2.594
  477      959.4585      0.004       2.597
  478      958.5850      0.004       2.602
  479      958.5850      0.004       2.606
  480      958.2774      0.003       2.609
  481      958.2774      0.003       2.612
  482      958.2774      0.004       2.616
  483      958.2774      0.013       2.629
  484      958.2774      0.006       2.635
  485      956.8829      0.005       2.640
  486      956.8829      0.005       2.645
  487      956.8829      0.004       2.649
  488      956.8829      0.004       2.653
  489      956.8829      0.004       2.656
  490      956.8829      0.003       2.660
  491      956.8829      0.004       2.663
  492      956.8829      0.003       2.666
  493      956.8829      0.003       2.669
  494      956.8829      0.004       2.673
  495      956.8829      0.012       2.685
  496      956.8829      0.007       2.692
  497      956.8829      0.005       2.697
  498      956.8829      0.004       2.702
  499      956.7982      0.004       2.706
  500      956.2436      0.004       2.709
# ---- resumen ----
n=2000 particulas=200 iters=500 tour_valido=SI L_mejor=956.24355 (verificado 956.24356)
tiempo: preparacion=0.000 s  PSO=2.709 s  total=2.777 s  (0.0054 s/iter)
memoria: pico RSS=9.4 MB
CSV,2000,200,500,956.243555,0.000,2.709,9.4
