# n=20 particulas=200 iters=300 w=0.70 c1=1.50 c2=1.50 hilos=12 semilla=1
# preparacion: 0.000 s | L_inicial=8.5807
# iter  mejor_global  t_iter(s)  t_total(s)
    1        7.4908      0.001       0.001
    2        7.4908      0.000       0.002
    3        7.4908      0.001       0.003
    4        7.4908      0.001       0.003
    5        6.8999      0.001       0.005
    6        6.8999      0.001       0.006
    7        6.8999      0.001       0.007
    8        6.8999      0.001       0.008
    9        6.8999      0.001       0.009
   10        6.6502      0.001       0.010
   11        6.6502      0.001       0.010
   12        6.6502      0.001       0.011
   13        6.6502      0.001       0.012
   14        6.6502      0.001       0.013
   15        6.6502      0.001       0.014
   16        6.4464      0.001       0.015
   17        6.3963      0.001       0.016
   18        6.3452      0.001       0.017
   19        6.3452      0.001       0.017
   20        6.1379      0.001       0.018
   21        5.8276      0.001       0.019
   22        5.8276      0.001       0.019
   23        5.8276      0.001       0.020
   24        5.8276      0.001       0.020
   25        5.8276      0.000       0.021
   26        5.8276      0.000       0.021
   27        5.7777      0.000       0.022
   28        5.7777      0.000       0.022
   29        5.7777      0.000       0.023
   30        5.7777      0.000       0.023
   31        5.7772      0.000       0.023
   32        5.6859      0.000       0.023
   33        5.6859      0.000       0.024
   34        5.5815      0.000       0.024
   35        5.5815      0.000       0.024
   36        5.5815      0.000       0.024
   37        5.5815      0.000       0.024
   38        5.5815      0.000       0.024
   39        5.5815      0.000       0.025
   40        5.5789      0.000       0.025
   41        5.5789      0.000       0.025
   42        5.5789      0.000       0.025
   43        5.4824      0.000       0.025
   44        5.4824      0.000       0.026
   45        5.4824      0.000       0.026
   46        5.4824      0.000       0.026
   47        5.4824      0.000       0.026
   48        5.4824      0.000       0.026
   49        5.4824      0.000       0.026
   50        5.4798      0.000       0.027
   51        5.4761      0.000       0.027
   52        5.4761      0.000       0.027
   53        5.3931      0.001       0.028
   54        5.3931      0.001       0.029
   55        5.2863      0.001       0.030
   56        5.2863      0.001       0.031
   57        5.2844      0.001       0.032
   58        5.2793      0.001       0.033
   59        5.2793      0.001       0.034
   60        5.2031      0.001       0.034
   61        4.8016      0.001       0.035
   62        4.6441      0.001       0.036
   63        4.5810      0.001       0.037
   64        4.5810      0.001       0.038
   65        4.5810      0.001       0.039
   66        4.5810      0.001       0.040
   67        4.5810      0.000       0.041
   68        4.5810      0.001       0.041
   69        4.5810      0.001       0.042
   70        4.5258      0.001       0.043
   71        4.5258      0.001       0.044
   72        4.5258      0.001       0.045
   73        4.4768      0.001       0.046
   74        4.4768      0.001       0.047
   75        4.4768      0.001       0.048
   76        4.4768      0.001       0.048
   77        4.4768      0.001       0.049
   78        4.4768      0.001       0.050
   79        4.4768      0.001       0.051
   80        4.4768      0.001       0.052
   81        4.4768      0.001       0.053
   82        4.4768      0.001       0.054
   83        4.4768      0.000       0.054
   84        4.4768      0.001       0.055
   85        4.4768      0.001       0.055
   86        4.4768      0.001       0.056
   87        4.4768      0.001       0.057
   88        4.4768      0.001       0.058
   89        4.4768      0.001       0.059
   90        4.4768      0.001       0.060
   91        4.4768      0.001       0.061
   92        4.4768      0.001       0.062
   93        4.4768      0.001       0.063
   94        4.4768      0.001       0.063
   95        4.4768      0.001       0.064
   96        4.4768      0.001       0.065
   97        4.4768      0.001       0.066
   98        4.4768      0.001       0.067
   99        4.4768      0.000       0.067
  100        4.4768      0.000       0.067
  101        4.4768      0.000       0.068
  102        4.4768      0.000       0.068
  103        4.4768      0.000       0.068
  104        4.4768      0.000       0.068
  105        4.4768      0.000       0.068
  106        4.4768      0.000       0.069
  107        4.4768      0.000       0.069
  108        4.4768      0.000       0.069
  109        4.4768      0.000       0.069
  110        4.4768      0.000       0.069
  111        4.2876      0.000       0.069
  112        4.1708      0.000       0.070
  113        4.1708      0.000       0.070
  114        4.1708      0.000       0.070
  115        4.1708      0.000       0.070
  116        4.1708      0.000       0.070
  117        4.1708      0.000       0.070
  118        4.1708      0.000       0.071
  119        4.1708      0.000       0.071
  120        4.1708      0.000       0.071
  121        4.1708      0.000       0.071
  122        4.1708      0.000       0.071
  123        4.1708      0.000       0.071
  124        4.1708      0.000       0.072
  125        4.1708      0.000       0.072
  126        4.1708      0.000       0.072
  127        4.1400      0.000       0.072
  128        4.1400      0.000       0.072
  129        4.1400      0.000       0.073
  130        4.1400      0.000       0.073
  131        4.1400      0.000       0.073
  132        4.1400      0.000       0.073
  133        4.1400      0.000       0.073
  134        4.1400      0.000       0.073
  135        4.1400      0.000       0.074
  136        4.1400      0.000       0.074
  137        4.1400      0.000       0.074
  138        4.1400      0.000       0.074
  139        4.1400      0.000       0.074
  140        4.1400      0.000       0.074
  141        4.1400      0.000       0.075
  142        4.1400      0.000       0.075
  143        4.1400      0.000       0.075
  144        4.1400      0.000       0.075
  145        4.1400      0.000       0.075
  146        4.1400      0.000       0.076
  147        4.1400      0.000       0.076
  148        4.1400      0.000       0.076
  149        4.1400      0.000       0.076
  150        4.1400      0.000       0.076
  151        4.1400      0.000       0.076
  152        4.1400      0.000       0.077
  153        4.1400      0.000       0.077
  154        4.1400      0.000       0.077
  155        4.1400      0.000       0.077
  156        4.1400      0.000       0.077
  157        4.1400      0.000       0.078
  158        4.1400      0.000       0.078
  159        4.1400      0.000       0.078
  160        4.1400      0.000       0.078
  161        4.1400      0.000       0.078
  162        4.1400      0.000       0.079
  163        4.1400      0.000       0.079
  164        4.1400      0.000       0.079
  165        4.1400      0.000       0.079
  166        4.1400      0.000       0.079
  167        4.1400      0.000       0.080
  168        4.1400      0.000       0.080
  169        4.1400      0.000       0.080
  170        4.1400      0.000       0.080
  171        4.1400      0.000       0.080
  172        4.1400      0.000       0.080
  173        4.1400      0.000       0.081
  174        4.1400      0.000       0.081
  175        4.1400      0.000       0.081
  176        4.1400      0.000       0.081
  177        4.1400      0.000       0.081
  178        4.1400      0.000       0.081
  179        4.1400      0.000       0.082
  180        4.1400      0.000       0.082
  181        4.1400      0.000       0.082
  182        4.1400      0.000       0.082
  183        4.1400      0.000       0.082
  184        4.1400      0.000       0.083
  185        4.1400      0.000       0.083
  186        4.1400      0.000       0.083
  187        4.1400      0.001       0.083
  188        4.1400      0.001       0.084
  189        4.1400      0.001       0.085
  190        4.1400      0.001       0.086
  191        4.1400      0.001       0.087
  192        4.1400      0.001       0.087
  193        4.1400      0.001       0.088
  194        4.1400      0.001       0.090
  195        4.1400      0.001       0.091
  196        4.1400      0.001       0.092
  197        4.1400      0.001       0.093
  198        4.1400      0.001       0.094
  199        4.1400      0.001       0.095
  200        4.1400      0.001       0.096
  201        4.1400      0.001       0.096
  202        4.1400      0.001       0.097
  203        4.1400      0.001       0.098
  204        4.1400      0.001       0.098
  205        4.1400      0.001       0.099
  206        4.1400      0.000       0.100
  207        4.1400      0.000       0.100
  208        4.1400      0.000       0.101
  209        4.1400      0.000       0.101
  210        4.1400      0.000       0.102
  211        4.1400      0.000       0.102
  212        4.1400      0.000       0.103
  213        4.1400      0.000       0.103
  214        4.1400      0.000       0.104
  215        4.1400      0.000       0.104
  216        4.1400      0.000       0.105
  217        4.1400      0.000       0.105
  218        4.1400      0.001       0.106
  219        4.1400      0.001       0.106
  220        4.1400      0.001       0.107
  221        4.1400      0.001       0.108
  222        4.1400      0.001       0.109
  223        4.1400      0.001       0.110
  224        4.1400      0.001       0.111
  225        4.1400      0.001       0.112
  226        4.1400      0.001       0.113
  227        4.1400      0.001       0.114
  228        4.1400      0.001       0.115
  229        4.1400      0.001       0.116
  230        4.1400      0.001       0.117
  231        4.1400      0.001       0.118
  232        4.1400      0.001       0.119
  233        4.1400      0.001       0.119
  234        4.1400      0.000       0.120
  235        4.1400      0.000       0.120
  236        4.1400      0.001       0.121
  237        4.1400      0.000       0.121
  238        4.1400      0.000       0.122
  239        4.1400      0.001       0.122
  240        4.1400      0.000       0.123
  241        4.1400      0.000       0.123
  242        4.1400      0.000       0.124
  243        4.1400      0.000       0.124
  244        4.1400      0.000       0.125
  245        4.1400      0.000       0.125
  246        4.1400      0.000       0.125
  247        4.1400      0.000       0.125
  248        4.1400      0.000       0.126
  249        4.1400      0.000       0.126
  250        4.1400      0.000       0.126
  251        4.1400      0.000       0.126
  252        4.1400      0.000       0.126
  253        4.1400      0.000       0.126
  254        4.1400      0.000       0.127
  255        4.1400      0.000       0.127
  256        4.1400      0.000       0.127
  257        4.1400      0.000       0.127
  258        4.1400      0.000       0.127
  259        4.1400      0.000       0.127
  260        4.1400      0.000       0.128
  261        4.1400      0.000       0.128
  262        4.1400      0.000       0.128
  263        4.1400      0.000       0.128
  264        4.1400      0.000       0.128
  265        4.1400      0.000       0.128
  266        4.1400      0.000       0.129
  267        4.1400      0.000       0.129
  268        4.1400      0.000       0.129
  269        4.1400      0.000       0.129
  270        4.1400      0.000       0.129
  271        4.1400      0.000       0.130
  272        4.1400      0.000       0.130
  273        4.1400      0.000       0.130
  274        4.1400      0.000       0.130
  275        4.1400      0.000       0.130
  276        4.1400      0.000       0.130
  277        4.1400      0.000       0.131
  278        4.1400      0.001       0.131
  279        4.1400      0.001       0.132
  280        4.1400      0.001       0.133
  281        4.1400      0.001       0.134
  282        4.1400      0.001       0.135
  283        4.1400      0.001       0.135
  284        4.1400      0.001       0.136
  285        4.1400      0.001       0.137
  286        4.1400      0.001       0.138
  287        4.1400      0.001       0.139
  288        4.1400      0.001       0.140
  289        4.1400      0.001       0.141
  290        4.1400      0.001       0.142
  291        4.1400      0.001       0.143
  292        4.1400      0.001       0.144
  293        4.1400      0.000       0.144
  294        4.1400      0.000       0.144
  295        4.1400      0.000       0.144
  296        4.1400      0.000       0.145
  297        4.1400      0.000       0.145
  298        4.1400      0.000       0.145
  299        4.1400      0.000       0.145
  300        4.1400      0.000       0.145
# ---- resumen ----
n=20 particulas=200 iters=300 tour_valido=SI L_mejor=4.13995 (verificado 4.13995)
optimo_exacto(Held-Karp)=4.10594  gap=0.828%
tiempo: preparacion=0.000 s  PSO=0.145 s  total=0.146 s  (0.0005 s/iter)
memoria: pico RSS=4.5 MB
CSV,20,200,300,4.139951,0.000,0.145,4.5
