# n=2000 particulas=200 iters=500 w=0.70 c1=1.50 c2=1.50 hilos=12 semilla=2
# preparacion: 0.000 s | L_inicial=1006.1379
# iter  mejor_global  t_iter(s)  t_total(s)
    1     1003.8552      0.005       0.005
    2     1003.8552      0.003       0.008
    3     1003.8552      0.003       0.011
    4      999.1154      0.003       0.015
    5      999.1154      0.003       0.018
    6      999.1154      0.003       0.021
    7      994.6771      0.003       0.025
    8      994.6771      0.003       0.028
    9      994.6771      0.003       0.032
   10      994.6771      0.004       0.035
   11      994.6771      0.003       0.039
   12      994.6771      0.003       0.042
   13      994.6771      0.004       0.046
   14      994.6771      0.003       0.057
   15      994.6771      0.004       0.060
   16      994.6771      0.003       0.064
   17      994.6771      0.003       0.067
   18      994.6771      0.004       0.071
   19      994.6771      0.003       0.074
   20      994.6771      0.003       0.078
   21      994.6771      0.004       0.082
   22      994.6771      0.004       0.085
   23      994.6771      0.004       0.089
   24      994.6771      0.004       0.093
   25      994.6771      0.003       0.096
   26      994.6771      0.005       0.101
   27      994.6771      0.004       0.105
   28      994.6771      0.004       0.109
   29      994.6771      0.004       0.113
   30      994.6771      0.004       0.117
   31      994.6771      0.004       0.121
   32      994.6771      0.004       0.125
   33      994.6771      0.004       0.129
   34      994.6771      0.004       0.133
   35      994.6771      0.004       0.137
   36      994.6771      0.004       0.140
   37      994.6771      0.004       0.144
   38      994.6771      0.004       0.148
   39      994.6771      0.004       0.152
   40      994.6771      0.004       0.156
   41      994.6771      0.004       0.160
   42      994.6771      0.004       0.164
   43      994.6771      0.004       0.167
   44      994.6771      0.004       0.171
   45      994.6771      0.004       0.175
   46      994.6771      0.004       0.179
   47      994.6771      0.004       0.182
   48      994.6771      0.004       0.186
   49      994.6771      0.004       0.190
   50      994.6771      0.004       0.193
   51      994.6771      0.004       0.197
   52      994.6771      0.004       0.200
   53      994.6771      0.003       0.204
   54      994.6771      0.004       0.208
   55      994.6771      0.004       0.211
   56      994.6771      0.004       0.215
   57      994.6771      0.004       0.219
   58      994.6771      0.004       0.223
   59      994.6771      0.004       0.227
   60      994.6771      0.004       0.231
   61      994.6771      0.004       0.235
   62      994.6771      0.004       0.238
   63      994.6771      0.004       0.242
   64      994.6771      0.003       0.245
   65      994.6771      0.004       0.249
   66      994.6771      0.004       0.252
   67      994.6771      0.004       0.256
   68      994.6771      0.004       0.260
   69      994.6771      0.004       0.263
   70      994.6771      0.004       0.267
   71      994.6771      0.004       0.271
   72      994.6771      0.003       0.274
   73      994.6771      0.003       0.278
   74      994.6771      0.004       0.281
   75      994.6771      0.004       0.285
   76      994.6771      0.004       0.289
   77      994.6771      0.004       0.293
   78      994.6771      0.004       0.296
   79      994.6771      0.004       0.300
   80      994.6771      0.004       0.304
   81      994.6771      0.004       0.307
   82      994.6771      0.004       0.311
   83      994.6771      0.004       0.315
   84      994.6771      0.004       0.319
   85      994.6771      0.004       0.323
   86      994.6771      0.004       0.326
   87      994.6771      0.004       0.330
   88      994.6771      0.004       0.334
   89      994.6771      0.004       0.338
   90      994.6771      0.004       0.342
   91      994.6771      0.004       0.346
   92      994.6771      0.004       0.349
   93      994.6771      0.004       0.353
   94      994.6771      0.004       0.357
   95      994.6771      0.004       0.360
   96      994.6771      0.004       0.364
   97      994.6771      0.004       0.368
   98      994.6771      0.004       0.371
   99      994.6771      0.004       0.376
  100      994.6771      0.004       0.379
  101      994.6703      0.004       0.383
  102      994.6703      0.004       0.387
  103      994.6703      0.004       0.391
  104      994.6703      0.004       0.395
  105      994.6703      0.003       0.398
  106      994.6703      0.003       0.402
  107      994.6703      0.003       0.405
  108      994.6703      0.004       0.409
  109      994.6703      0.003       0.412
  110      994.6703      0.003       0.416
  111      994.6703      0.003       0.419
  112      994.6703      0.003       0.422
  113      994.6703      0.004       0.426
  114      994.6703      0.004       0.430
  115      994.6703      0.003       0.434
  116      994.6703      0.003       0.437
  117      994.6703      0.004       0.440
  118      994.6703      0.004       0.444
  119      994.6703      0.003       0.447
  120      994.6703      0.003       0.450
  121      994.6703      0.003       0.454
  122      994.6703      0.004       0.457
  123      994.6703      0.003       0.461
  124      994.6703      0.003       0.464
  125      994.6703      0.003       0.467
  126      994.6703      0.003       0.470
  127      994.6703      0.004       0.474
  128      994.6703      0.003       0.478
  129      994.6703      0.003       0.481
  130      994.6703      0.003       0.484
  131      994.6703      0.003       0.489
  132      994.6703      0.004       0.493
  133      994.6703      0.003       0.496
  134      994.6703      0.003       0.500
  135      994.6703      0.003       0.503
  136      992.9638      0.003       0.506
  137      992.9638      0.004       0.510
  138      992.9638      0.003       0.513
  139      992.9638      0.003       0.516
  140      992.9638      0.003       0.520
  141      992.9638      0.003       0.523
  142      992.9638      0.004       0.527
  143      992.9638      0.003       0.530
  144      992.9638      0.003       0.533
  145      992.9638      0.003       0.537
  146      992.9638      0.003       0.540
  147      992.9638      0.004       0.544
  148      992.9638      0.003       0.547
  149      992.9638      0.003       0.551
  150      992.9638      0.003       0.554
  151      992.9638      0.004       0.557
  152      992.9638      0.003       0.561
  153      992.9638      0.003       0.564
  154      992.9638      0.003       0.567
  155      992.9638      0.003       0.571
  156      992.9638      0.004       0.574
  157      992.9638      0.004       0.578
  158      992.9638      0.003       0.581
  159      992.9638      0.003       0.584
  160      992.9638      0.004       0.588
  161      992.9638      0.004       0.593
  162      992.9638      0.004       0.596
  163      992.9638      0.003       0.600
  164      992.9638      0.003       0.603
  165      992.9638      0.004       0.606
  166      992.9638      0.004       0.610
  167      992.9638      0.003       0.613
  168      992.9638      0.003       0.617
  169      992.9638      0.003       0.620
  170      992.9638      0.004       0.624
  171      992.9638      0.004       0.627
  172      992.9638      0.003       0.631
  173      992.9638      0.003       0.634
  174      992.9638      0.003       0.637
  175      992.9638      0.004       0.641
  176      992.9638      0.003       0.644
  177      992.9638      0.003       0.648
  178      992.9638      0.003       0.651
  179      992.9638      0.003       0.654
  180      992.9638      0.004       0.658
  181      992.9638      0.003       0.661
  182      992.9638      0.003       0.665
  183      992.9638      0.003       0.668
  184      992.9638      0.003       0.671
  185      992.9638      0.004       0.675
  186      992.9638      0.003       0.678
  187      992.9638      0.003       0.681
  188      992.9638      0.003       0.685
  189      992.9638      0.003       0.688
  190      992.9638      0.004       0.692
  191      992.9638      0.003       0.695
  192      992.9638      0.003       0.698
  193      992.9638      0.004       0.702
  194      992.9638      0.003       0.705
  195      992.9638      0.004       0.709
  196      992.9638      0.003       0.713
  197      992.9638      0.003       0.716
  198      992.9638      0.003       0.719
  199      992.9638      0.003       0.722
  200      992.9638      0.004       0.726
  201      992.9638      0.003       0.730
  202      992.9638      0.003       0.733
  203      992.9638      0.003       0.736
  204      992.9638      0.004       0.740
  205      992.9638      0.004       0.744
  206      992.9638      0.003       0.747
  207      992.9638      0.003       0.750
  208      992.9638      0.003       0.754
  209      992.9638      0.004       0.757
  210      992.9638      0.004       0.761
  211      992.9638      0.003       0.764
  212      992.9638      0.004       0.768
  213      992.9638      0.003       0.772
  214      992.9638      0.004       0.776
  215      992.9638      0.003       0.779
  216      992.9638      0.003       0.782
  217      992.9638      0.003       0.786
  218      992.9638      0.003       0.789
  219      992.9638      0.004       0.793
  220      992.9638      0.003       0.796
  221      992.9638      0.003       0.800
  222      992.9638      0.003       0.803
  223      992.9638      0.003       0.806
  224      990.6870      0.004       0.810
  225      990.6870      0.003       0.813
  226      990.6870      0.003       0.817
  227      990.6870      0.003       0.820
  228      990.6870      0.004       0.823
  229      990.6870      0.004       0.827
  230      990.1874      0.003       0.830
  231      990.1874      0.003       0.834
  232      990.1874      0.003       0.837
  233      990.1874      0.004       0.840
  234      989.8562      0.003       0.844
  235      988.4370      0.003       0.847
  236      988.4370      0.003       0.850
  237      988.4370      0.003       0.854
  238      988.4370      0.004       0.857
  239      987.7578      0.003       0.861
  240      987.7578      0.003       0.864
  241      987.4001      0.003       0.868
  242      987.4001      0.003       0.871
  243      987.4001      0.004       0.875
  244      987.0757      0.003       0.878
  245      987.0757      0.003       0.881
  246      987.0757      0.003       0.885
  247      987.0757      0.003       0.888
  248      987.0757      0.004       0.892
  249      987.0757      0.003       0.896
  250      987.0757      0.003       0.899
  251      987.0757      0.003       0.902
  252      987.0757      0.003       0.906
  253      987.0757      0.004       0.909
  254      987.0757      0.003       0.913
  255      987.0757      0.003       0.916
  256      987.0757      0.003       0.919
  257      987.0757      0.003       0.923
  258      987.0757      0.004       0.927
  259      987.0757      0.003       0.930
  260      987.0757      0.003       0.933
  261      987.0757      0.003       0.937
  262      987.0757      0.004       0.940
  263      987.0757      0.003       0.944
  264      987.0757      0.003       0.947
  265      987.0757      0.003       0.950
  266      987.0757      0.003       0.954
  267      987.0757      0.004       0.957
  268      987.0757      0.004       0.961
  269      987.0757      0.003       0.964
  270      987.0757      0.003       0.968
  271      987.0757      0.003       0.971
  272      987.0757      0.004       0.975
  273      987.0757      0.004       0.979
  274      987.0757      0.003       0.982
  275      987.0757      0.003       0.985
  276      987.0757      0.003       0.989
  277      987.0757      0.003       0.998
  278      987.0757      0.003       1.001
  279      987.0757      0.003       1.004
  280      987.0757      0.003       1.007
  281      987.0757      0.003       1.011
  282      987.0757      0.003       1.014
  283      987.0757      0.003       1.017
  284      987.0757      0.003       1.020
  285      987.0757      0.004       1.024
  286      987.0757      0.003       1.027
  287      987.0757      0.003       1.031
  288      987.0757      0.003       1.034
  289      987.0757      0.003       1.037
  290      987.0757      0.004       1.041
  291      987.0757      0.003       1.044
  292      987.0757      0.003       1.048
  293      987.0757      0.003       1.051
  294      987.0757      0.003       1.054
  295      987.0757      0.004       1.058
  296      987.0757      0.003       1.061
  297      987.0757      0.003       1.065
  298      987.0757      0.003       1.068
  299      987.0757      0.003       1.071
  300      987.0757      0.004       1.075
  301      987.0757      0.003       1.079
  302      987.0757      0.003       1.082
  303      987.0757      0.003       1.085
  304      987.0757      0.003       1.089
  305      987.0757      0.004       1.093
  306      987.0757      0.003       1.096
  307      987.0757      0.003       1.099
  308      987.0757      0.003       1.102
  309      987.0757      0.003       1.106
  310      987.0757      0.004       1.109
  311      987.0757      0.004       1.113
  312      987.0757      0.004       1.117
  313      987.0757      0.003       1.120
  314      987.0757      0.004       1.124
  315      987.0757      0.003       1.127
  316      987.0757      0.004       1.131
  317      987.0757      0.004       1.135
  318      987.0757      0.003       1.138
  319      987.0757      0.005       1.143
  320      987.0757      0.004       1.146
  321      987.0757      0.003       1.150
  322      987.0757      0.003       1.153
  323      987.0757      0.004       1.157
  324      987.0757      0.004       1.161
  325      987.0757      0.003       1.164
  326      987.0757      0.003       1.167
  327      987.0757      0.003       1.170
  328      987.0757      0.004       1.174
  329      987.0757      0.003       1.178
  330      987.0757      0.003       1.181
  331      987.0757      0.003       1.185
  332      987.0757      0.003       1.188
  333      987.0757      0.004       1.192
  334      987.0757      0.003       1.195
  335      987.0757      0.003       1.199
  336      987.0757      0.003       1.202
  337      987.0757      0.003       1.205
  338      987.0757      0.004       1.209
  339      987.0757      0.003       1.213
  340      987.0757      0.003       1.216
  341      987.0757      0.003       1.219
  342      987.0757      0.004       1.223
  343      987.0757      0.004       1.227
  344      987.0757      0.004       1.231
  345      987.0757      0.003       1.235
  346      987.0757      0.003       1.238
  347      987.0757      0.004       1.242
  348      987.0757      0.004       1.245
  349      987.0757      0.003       1.249
  350      987.0757      0.003       1.252
  351      987.0757      0.003       1.255
  352      987.0757      0.004       1.259
  353      987.0757      0.003       1.262
  354      987.0757      0.003       1.266
  355      987.0757      0.003       1.269
  356      987.0757      0.003       1.272
  357      987.0757      0.003       1.276
  358      987.0757      0.003       1.279
  359      987.0757      0.003       1.282
  360      987.0757      0.003       1.286
  361      987.0757      0.003       1.289
  362      987.0757      0.003       1.292
  363      987.0757      0.003       1.296
  364      987.0757      0.003       1.299
  365      987.0757      0.003       1.302
  366      987.0757      0.004       1.306
  367      987.0757      0.003       1.309
  368      987.0757      0.003       1.313
  369      987.0757      0.003       1.316
  370      987.0757      0.003       1.319
  371      987.0757      0.004       1.323
  372      987.0757      0.004       1.327
  373      987.0757      0.004       1.331
  374      987.0757      0.003       1.334
  375      987.0757      0.003       1.338
  376      987.0757      0.003       1.341
  377      987.0757      0.003       1.344
  378      987.0757      0.003       1.348
  379      987.0757      0.003       1.351
  380      987.0757      0.003       1.354
  381      987.0757      0.003       1.357
  382      987.0757      0.003       1.361
  383      987.0757      0.003       1.364
  384      987.0757      0.003       1.368
  385      987.0757      0.003       1.371
  386      987.0757      0.004       1.375
  387      987.0757      0.004       1.378
  388      987.0757      0.004       1.382
  389      987.0757      0.003       1.385
  390      987.0757      0.003       1.388
  391      987.0757      0.003       1.392
  392      987.0757      0.004       1.396
  393      987.0757      0.004       1.399
  394      987.0757      0.003       1.403
  395      987.0757      0.003       1.406
  396      987.0757      0.003       1.410
  397      987.0757      0.003       1.413
  398      987.0757      0.003       1.416
  399      987.0757      0.003       1.419
  400      987.0757      0.003       1.423
  401      987.0757      0.003       1.426
  402      987.0757      0.003       1.429
  403      987.0757      0.003       1.433
  404      987.0757      0.003       1.436
  405      987.0757      0.004       1.440
  406      987.0757      0.003       1.443
  407      987.0757      0.003       1.446
  408      987.0757      0.003       1.450
  409      987.0757      0.003       1.453
  410      987.0757      0.004       1.457
  411      987.0757      0.004       1.461
  412      987.0757      0.003       1.464
  413      987.0757      0.003       1.468
  414      987.0757      0.003       1.471
  415      987.0757      0.004       1.475
  416      987.0757      0.004       1.479
  417      987.0757      0.003       1.482
  418      987.0757      0.003       1.485
  419      987.0757      0.003       1.489
  420      987.0757      0.003       1.492
  421      987.0757      0.003       1.495
  422      987.0757      0.003       1.499
  423      987.0757      0.003       1.502
  424      987.0757      0.003       1.505
  425      987.0757      0.003       1.509
  426      987.0757      0.003       1.512
  427      987.0757      0.003       1.515
  428      987.0757      0.003       1.518
  429      987.0757      0.003       1.522
  430      987.0757      0.003       1.525
  431      987.0757      0.003       1.529
  432      987.0757      0.003       1.532
  433      987.0757      0.003       1.535
  434      987.0757      0.003       1.538
  435      987.0757      0.003       1.542
  436      987.0757      0.003       1.545
  437      987.0757      0.003       1.548
  438      987.0757      0.003       1.552
  439      987.0757      0.003       1.555
  440      987.0757      0.003       1.558
  441      987.0757      0.003       1.562
  442      987.0757      0.003       1.565
  443      987.0757      0.003       1.569
  444      987.0757      0.003       1.572
  445      987.0757      0.003       1.575
  446      987.0757      0.003       1.579
  447      987.0757      0.003       1.582
  448      987.0757      0.003       1.586
  449      987.0757      0.003       1.589
  450      987.0757      0.003       1.592
  451      987.0757      0.003       1.596
  452      987.0757      0.003       1.599
  453      987.0757      0.003       1.602
  454      987.0757      0.004       1.606
  455      987.0757      0.003       1.609
  456      987.0757      0.003       1.612
  457      987.0757      0.003       1.616
  458      987.0757      0.003       1.619
  459      987.0757      0.003       1.622
  460      987.0757      0.004       1.626
  461      987.0757      0.004       1.631
  462      987.0757      0.003       1.634
  463      987.0757      0.003       1.637
  464      987.0757      0.003       1.641
  465      987.0757      0.004       1.644
  466      987.0757      0.004       1.648
  467      987.0757      0.003       1.651
  468      987.0757      0.003       1.655
  469      987.0757      0.004       1.658
  470      987.0757      0.004       1.662
  471      987.0757      0.003       1.665
  472      987.0757      0.003       1.669
  473      987.0757      0.003       1.672
  474      987.0757      0.004       1.675
  475      987.0757      0.004       1.679
  476      987.0757      0.003       1.682
  477      987.0757      0.003       1.686
  478      987.0757      0.003       1.689
  479      987.0757      0.004       1.693
  480      987.0757      0.004       1.696
  481      987.0757      0.003       1.700
  482      987.0757      0.003       1.703
  483      987.0757      0.003       1.706
  484      987.0757      0.003       1.710
  485      987.0757      0.003       1.713
  486      987.0757      0.003       1.716
  487      987.0757      0.003       1.720
  488      987.0757      0.004       1.723
  489      987.0757      0.004       1.727
  490      987.0757      0.003       1.730
  491      987.0757      0.003       1.734
  492      987.0757      0.003       1.737
  493      987.0757      0.003       1.740
  494      987.0757      0.003       1.744
  495      987.0757      0.004       1.748
  496      987.0757      0.003       1.751
  497      987.0757      0.004       1.754
  498      987.0757      0.004       1.758
  499      987.0757      0.003       1.761
  500      987.0757      0.004       1.765
# ---- resumen ----
n=2000 particulas=200 iters=500 tour_valido=SI L_mejor=987.07573 (verificado 987.07573)
tiempo: preparacion=0.000 s  PSO=1.765 s  total=1.787 s  (0.0035 s/iter)
memoria: pico RSS=9.4 MB
CSV,2000,200,500,987.075729,0.000,1.765,9.4
