# n=20 particulas=200 iters=300 w=0.70 c1=1.50 c2=1.50 hilos=12 semilla=5
# preparacion: 0.000 s | L_inicial=7.6551
# iter  mejor_global  t_iter(s)  t_total(s)
    1        7.6551      0.001       0.001
    2        7.6551      0.000       0.002
    3        7.5779      0.000       0.002
    4        7.5779      0.001       0.003
    5        7.0431      0.001       0.004
    6        7.0431      0.001       0.005
    7        6.7754      0.001       0.006
    8        6.6243      0.001       0.007
    9        6.5780      0.001       0.008
   10        6.4769      0.001       0.009
   11        6.4656      0.001       0.010
   12        6.0857      0.001       0.011
   13        6.0857      0.001       0.012
   14        6.0857      0.001       0.013
   15        6.0857      0.001       0.014
   16        5.9554      0.001       0.015
   17        5.9554      0.001       0.016
   18        5.9554      0.001       0.017
   19        5.9475      0.000       0.017
   20        5.9475      0.000       0.018
   21        5.7216      0.000       0.018
   22        5.7216      0.000       0.019
   23        5.7216      0.001       0.019
   24        5.6932      0.000       0.020
   25        5.6932      0.001       0.020
   26        5.6932      0.000       0.021
   27        5.6280      0.001       0.021
   28        5.6280      0.000       0.022
   29        5.6280      0.000       0.022
   30        5.6280      0.000       0.023
   31        5.6280      0.000       0.023
   32        5.6102      0.000       0.024
   33        5.6102      0.000       0.024
   34        5.6102      0.000       0.024
   35        5.6102      0.000       0.024
   36        5.5704      0.000       0.024
   37        5.5704      0.000       0.025
   38        5.5704      0.000       0.025
   39        5.5704      0.000       0.025
   40        5.5704      0.000       0.025
   41        5.5704      0.000       0.025
   42        5.5704      0.000       0.025
   43        5.5119      0.000       0.026
   44        5.5119      0.000       0.026
   45        5.5119      0.000       0.026
   46        5.5119      0.000       0.026
   47        5.5119      0.000       0.026
   48        5.5119      0.000       0.027
   49        5.5119      0.000       0.027
   50        5.5119      0.000       0.027
   51        5.5119      0.000       0.027
   52        5.5119      0.000       0.027
   53        5.5119      0.000       0.027
   54        5.5119      0.000       0.028
   55        5.5119      0.000       0.028
   56        5.5119      0.000       0.028
   57        5.5119      0.000       0.028
   58        5.5119      0.000       0.028
   59        5.1290      0.000       0.028
   60        4.7415      0.000       0.029
   61        4.7415      0.000       0.029
   62        4.7415      0.000       0.029
   63        4.7415      0.000       0.029
   64        4.7415      0.000       0.029
   65        4.7415      0.000       0.029
   66        4.7415      0.000       0.030
   67        4.7415      0.000       0.030
   68        4.7415      0.000       0.030
   69        4.7415      0.000       0.030
   70        4.7415      0.000       0.030
   71        4.7415      0.000       0.031
   72        4.7415      0.000       0.031
   73        4.7415      0.000       0.031
   74        4.7415      0.000       0.031
   75        4.7415      0.000       0.031
   76        4.7415      0.000       0.032
   77        4.7415      0.000       0.032
   78        4.7415      0.000       0.032
   79        4.7415      0.000       0.032
   80        4.7415      0.000       0.032
   81        4.7415      0.000       0.033
   82        4.7415      0.000       0.033
   83        4.7415      0.000       0.033
   84        4.7415      0.000       0.033
   85        4.7415      0.000       0.033
   86        4.7415      0.000       0.033
   87        4.7415      0.000       0.034
   88        4.7415      0.000       0.034
   89        4.7415      0.000       0.034
   90        4.7415      0.000       0.034
   91        4.7415      0.000       0.034
   92        4.7415      0.000       0.034
   93        4.7415      0.000       0.035
   94        4.7415      0.000       0.035
   95        4.7415      0.000       0.035
   96        4.7415      0.000       0.035
   97        4.7415      0.000       0.035
   98        4.7415      0.000       0.035
   99        4.7415      0.000       0.036
  100        4.7415      0.000       0.036
  101        4.7415      0.000       0.036
  102        4.7415      0.000       0.036
  103        4.7415      0.000       0.036
  104        4.7415      0.000       0.036
  105        4.7415      0.000       0.037
  106        4.7415      0.000       0.037
  107        4.7415      0.000       0.037
  108        4.7415      0.000       0.037
  109        4.7415      0.001       0.038
  110        4.7415      0.001       0.039
  111        4.7415      0.001       0.039
  112        4.7415      0.001       0.040
  113        4.7415      0.001       0.041
  114        4.7415      0.001       0.042
  115        4.7415      0.001       0.043
  116        4.7415      0.001       0.043
  117        4.7415      0.001       0.044
  118        4.7415      0.001       0.045
  119        4.7415      0.001       0.046
  120        4.7415      0.001       0.047
  121        4.7415      0.001       0.048
  122        4.7415      0.001       0.049
  123        4.7415      0.001       0.050
  124        4.7415      0.000       0.050
  125        4.7415      0.000       0.050
  126        4.7415      0.000       0.051
  127        4.7415      0.000       0.051
  128        4.7415      0.000       0.051
  129        4.7415      0.000       0.051
  130        4.7415      0.000       0.051
  131        4.7415      0.000       0.052
  132        4.7415      0.000       0.052
  133        4.7415      0.000       0.052
  134        4.7415      0.000       0.052
  135        4.7415      0.000       0.052
  136        4.7415      0.000       0.053
  137        4.7415      0.000       0.053
  138        4.7415      0.000       0.053
  139        4.7415      0.000       0.053
  140        4.7415      0.000       0.053
  141        4.7415      0.000       0.054
  142        4.7415      0.000       0.054
  143        4.7415      0.000       0.054
  144        4.7415      0.000       0.054
  145        4.7415      0.000       0.054
  146        4.7415      0.000       0.055
  147        4.7415      0.000       0.055
  148        4.7415      0.000       0.055
  149        4.7415      0.000       0.055
  150        4.7415      0.000       0.055
  151        4.7415      0.000       0.055
  152        4.7415      0.000       0.056
  153        4.7415      0.000       0.056
  154        4.7415      0.000       0.056
  155        4.7415      0.000       0.056
  156        4.7415      0.000       0.056
  157        4.7415      0.000       0.057
  158        4.7415      0.000       0.057
  159        4.7415      0.000       0.057
  160        4.7415      0.000       0.057
  161        4.7415      0.000       0.057
  162        4.7415      0.000       0.057
  163        4.7415      0.000       0.058
  164        4.7415      0.000       0.058
  165        4.7415      0.000       0.058
  166        4.7415      0.000       0.058
  167        4.7415      0.000       0.058
  168        4.7415      0.000       0.058
  169        4.7415      0.000       0.059
  170        4.7415      0.000       0.059
  171        4.7415      0.000       0.059
  172        4.7415      0.000       0.059
  173        4.7415      0.000       0.059
  174        4.7415      0.000       0.060
  175        4.7415      0.000       0.060
  176        4.7415      0.000       0.060
  177        4.7415      0.000       0.060
  178        4.7415      0.000       0.060
  179        4.7415      0.000       0.060
  180        4.7415      0.000       0.061
  181        4.7415      0.000       0.061
  182        4.7415      0.000       0.061
  183        4.7415      0.000       0.061
  184        4.7415      0.000       0.061
  185        4.7415      0.000       0.062
  186        4.7415      0.000       0.062
  187        4.7415      0.000       0.062
  188        4.7415      0.000       0.062
  189        4.7415      0.000       0.062
  190        4.7415      0.000       0.063
  191        4.7415      0.000       0.063
  192        4.7415      0.000       0.063
  193        4.7415      0.000       0.063
  194        4.7415      0.000       0.063
  195        4.7415      0.000       0.064
  196        4.7415      0.000       0.064
  197        4.7415      0.000       0.064
  198        4.7415      0.000       0.064
  199        4.7415      0.000       0.064
  200        4.7415      0.000       0.065
  201        4.7415      0.000       0.065
  202        4.7415      0.000       0.065
  203        4.7415      0.000       0.065
  204        4.7415      0.000       0.065
  205        4.7415      0.000       0.066
  206        4.7415      0.000       0.066
  207        4.7415      0.000       0.066
  208        4.7415      0.000       0.066
  209        4.7415      0.000       0.066
  210        4.7415      0.000       0.067
  211        4.7415      0.000       0.067
  212        4.7415      0.000       0.067
  213        4.7415      0.000       0.067
  214        4.7415      0.000       0.067
  215        4.7415      0.000       0.068
  216        4.7415      0.000       0.068
  217        4.7415      0.000       0.068
  218        4.7415      0.000       0.068
  219        4.7415      0.000       0.068
  220        4.7415      0.000       0.068
  221        4.7415      0.000       0.069
  222        4.7415      0.000       0.069
  223        4.7415      0.000       0.069
  224        4.7415      0.000       0.069
  225        4.7415      0.000       0.069
  226        4.7415      0.000       0.070
  227        4.7415      0.000       0.070
  228        4.7415      0.000       0.070
  229        4.7415      0.000       0.070
  230        4.7415      0.000       0.070
  231        4.7415      0.000       0.070
  232        4.7415      0.000       0.071
  233        4.7415      0.000       0.071
  234        4.7415      0.000       0.071
  235        4.7415      0.000       0.071
  236        4.7415      0.000       0.071
  237        4.7415      0.000       0.072
  238        4.7415      0.000       0.072
  239        4.7415      0.000       0.072
  240        4.7415      0.000       0.072
  241        4.7415      0.000       0.072
  242        4.7415      0.000       0.072
  243        4.7415      0.000       0.073
  244        4.7415      0.000       0.073
  245        4.7415      0.000       0.073
  246        4.7415      0.000       0.073
  247        4.7415      0.000       0.073
  248        4.7415      0.000       0.074
  249        4.7415      0.000       0.074
  250        4.7415      0.000       0.074
  251        4.7415      0.000       0.074
  252        4.7415      0.000       0.074
  253        4.7415      0.000       0.074
  254        4.7415      0.000       0.075
  255        4.7415      0.000       0.075
  256        4.7415      0.000       0.075
  257        4.7415      0.000       0.075
  258        4.7415      0.000       0.075
  259        4.7415      0.000       0.076
  260        4.7415      0.000       0.076
  261        4.7415      0.000       0.076
  262        4.7415      0.000       0.076
  263        4.7415      0.000       0.076
  264        4.7415      0.000       0.077
  265        4.7415      0.000       0.077
  266        4.7415      0.000       0.077
  267        4.7415      0.000       0.077
  268        4.7415      0.000       0.077
  269        4.7415      0.000       0.078
  270        4.7415      0.000       0.078
  271        4.7415      0.000       0.078
  272        4.7415      0.000       0.078
  273        4.7415      0.000       0.078
  274        4.7415      0.000       0.078
  275        4.7415      0.000       0.079
  276        4.7415      0.000       0.079
  277        4.7415      0.001       0.080
  278        4.7415      0.001       0.081
  279        4.7415      0.001       0.082
  280        4.7415      0.001       0.083
  281        4.7415      0.001       0.084
  282        4.7415      0.001       0.085
  283        4.7415      0.001       0.085
  284        4.7415      0.001       0.086
  285        4.7415      0.001       0.087
  286        4.7415      0.001       0.088
  287        4.7415      0.001       0.089
  288        4.7415      0.001       0.090
  289        4.7415      0.001       0.091
  290        4.7415      0.001       0.092
  291        4.7415      0.000       0.092
  292        4.7415      0.001       0.093
  293        4.7415      0.001       0.094
  294        4.7415      0.001       0.095
  295        4.7415      0.001       0.096
  296        4.7415      0.001       0.097
  297        4.7415      0.001       0.098
  298        4.7415      0.001       0.099
  299        4.7415      0.001       0.100
  300        4.7415      0.001       0.101
# ---- resumen ----
n=20 particulas=200 iters=300 tour_valido=SI L_mejor=4.74149 (verificado 4.74149)
optimo_exacto(Held-Karp)=4.26586  gap=11.150%
tiempo: preparacion=0.000 s  PSO=0.101 s  total=0.101 s  (0.0003 s/iter)
memoria: pico RSS=4.5 MB
CSV,20,200,300,4.741486,0.000,0.101,4.5
