# n=20 particulas=200 iters=300 w=0.70 c1=1.50 c2=1.50 hilos=12 semilla=3
# preparacion: 0.000 s | L_inicial=7.6944
# iter  mejor_global  t_iter(s)  t_total(s)
    1        7.3114      0.001       0.001
    2        7.1798      0.001       0.002
    3        6.5023      0.001       0.003
    4        5.7771      0.001       0.005
    5        5.5789      0.001       0.006
    6        4.3693      0.001       0.007
    7        4.3693      0.001       0.007
    8        4.3693      0.001       0.008
    9        4.3693      0.001       0.009
   10        4.3693      0.001       0.010
   11        4.3693      0.001       0.012
   12        4.3693      0.001       0.012
   13        4.3693      0.001       0.014
   14        4.3693      0.001       0.015
   15        4.3018      0.001       0.015
   16        4.3018      0.001       0.016
   17        4.3018      0.001       0.017
   18        4.3018      0.001       0.018
   19        4.2975      0.001       0.018
   20        4.2975      0.000       0.019
   21        4.2058      0.001       0.019
   22        3.7255      0.001       0.020
   23        3.7255      0.000       0.021
   24        3.7255      0.001       0.021
   25        3.6809      0.000       0.022
   26        3.6809      0.000       0.022
   27        3.6809      0.001       0.023
   28        3.6809      0.000       0.023
   29        3.6809      0.000       0.024
   30        3.6809      0.000       0.024
   31        3.6809      0.000       0.025
   32        3.6809      0.000       0.025
   33        3.6742      0.000       0.025
   34        3.6699      0.000       0.026
   35        3.6699      0.000       0.026
   36        3.6699      0.000       0.027
   37        3.6699      0.000       0.027
   38        3.6699      0.000       0.027
   39        3.6699      0.000       0.027
   40        3.6699      0.000       0.027
   41        3.6699      0.000       0.028
   42        3.5374      0.000       0.028
   43        3.5374      0.000       0.028
   44        3.5374      0.000       0.028
   45        3.5374      0.000       0.028
   46        3.5374      0.000       0.029
   47        3.5374      0.000       0.029
   48        3.5374      0.000       0.029
   49        3.5374      0.000       0.029
   50        3.5374      0.000       0.029
   51        3.5374      0.000       0.029
   52        3.5374      0.000       0.030
   53        3.5374      0.000       0.030
   54        3.5374      0.000       0.030
   55        3.5374      0.000       0.030
   56        3.5374      0.000       0.030
   57        3.5374      0.000       0.030
   58        3.5374      0.000       0.031
   59        3.5374      0.000       0.031
   60        3.5374      0.000       0.031
   61        3.5374      0.000       0.031
   62        3.5374      0.000       0.031
   63        3.5374      0.000       0.031
   64        3.5374      0.000       0.032
   65        3.5374      0.000       0.032
   66        3.5374      0.000       0.032
   67        3.5374      0.000       0.032
   68        3.5374      0.000       0.032
   69        3.5374      0.000       0.033
   70        3.5374      0.000       0.033
   71        3.5374      0.000       0.033
   72        3.5374      0.000       0.033
   73        3.5374      0.000       0.033
   74        3.5374      0.000       0.034
   75        3.5374      0.000       0.034
   76        3.5374      0.000       0.034
   77        3.5374      0.000       0.034
   78        3.5374      0.000       0.034
   79        3.5374      0.000       0.034
   80        3.5374      0.000       0.035
   81        3.5374      0.000       0.035
   82        3.5374      0.000       0.035
   83        3.5374      0.000       0.035
   84        3.5374      0.000       0.035
   85        3.5374      0.000       0.036
   86        3.5374      0.000       0.036
   87        3.5374      0.000       0.036
   88        3.5374      0.000       0.036
   89        3.5374      0.000       0.036
   90        3.5374      0.000       0.037
   91        3.5374      0.000       0.037
   92        3.5374      0.000       0.037
   93        3.5374      0.000       0.037
   94        3.5374      0.000       0.037
   95        3.5374      0.000       0.038
   96        3.5374      0.000       0.038
   97        3.5374      0.000       0.038
   98        3.5374      0.000       0.038
   99        3.5374      0.000       0.038
  100        3.5374      0.000       0.038
  101        3.5374      0.000       0.039
  102        3.5374      0.000       0.039
  103        3.5374      0.000       0.039
  104        3.5374      0.000       0.039
  105        3.5374      0.000       0.039
  106        3.5374      0.000       0.040
  107        3.5374      0.000       0.040
  108        3.5374      0.000       0.040
  109        3.5374      0.000       0.040
  110        3.5374      0.000       0.040
  111        3.5374      0.000       0.040
  112        3.5374      0.000       0.041
  113        3.5374      0.000       0.041
  114        3.5374      0.000       0.041
  115        3.5374      0.000       0.041
  116        3.5374      0.000       0.041
  117        3.5374      0.000       0.042
  118        3.5374      0.000       0.042
  119        3.5374      0.000       0.042
  120        3.5374      0.000       0.042
  121        3.5374      0.001       0.043
  122        3.5374      0.001       0.044
  123        3.5374      0.001       0.044
  124        3.5374      0.001       0.045
  125        3.5374      0.001       0.046
  126        3.5374      0.001       0.047
  127        3.5374      0.001       0.048
  128        3.5374      0.001       0.049
  129        3.5374      0.001       0.050
  130        3.5374      0.001       0.050
  131        3.5374      0.001       0.051
  132        3.5374      0.001       0.052
  133        3.5374      0.001       0.053
  134        3.5374      0.001       0.054
  135        3.5374      0.001       0.055
  136        3.5374      0.001       0.055
  137        3.5374      0.000       0.055
  138        3.5374      0.000       0.056
  139        3.5374      0.000       0.056
  140        3.5374      0.000       0.056
  141        3.5374      0.000       0.056
  142        3.5374      0.000       0.056
  143        3.5374      0.000       0.057
  144        3.5374      0.000       0.057
  145        3.5374      0.000       0.057
  146        3.5374      0.000       0.057
  147        3.5374      0.000       0.057
  148        3.5374      0.000       0.058
  149        3.5374      0.000       0.058
  150        3.5374      0.000       0.058
  151        3.5374      0.000       0.058
  152        3.5374      0.000       0.058
  153        3.5374      0.000       0.058
  154        3.5374      0.000       0.059
  155        3.5374      0.000       0.059
  156        3.5374      0.001       0.059
  157        3.5374      0.001       0.060
  158        3.5374      0.001       0.061
  159        3.5374      0.001       0.062
  160        3.5374      0.001       0.062
  161        3.5374      0.001       0.063
  162        3.5374      0.001       0.064
  163        3.5374      0.001       0.065
  164        3.5374      0.001       0.066
  165        3.5374      0.001       0.067
  166        3.5374      0.001       0.067
  167        3.5374      0.001       0.068
  168        3.5374      0.001       0.069
  169        3.5374      0.001       0.070
  170        3.5374      0.001       0.071
  171        3.5374      0.001       0.072
  172        3.5374      0.000       0.072
  173        3.5374      0.001       0.073
  174        3.5374      0.001       0.074
  175        3.5374      0.001       0.075
  176        3.5374      0.001       0.076
  177        3.5374      0.001       0.077
  178        3.5374      0.001       0.078
  179        3.5374      0.001       0.078
  180        3.5374      0.001       0.079
  181        3.5374      0.001       0.080
  182        3.5374      0.001       0.081
  183        3.5374      0.001       0.082
  184        3.5374      0.001       0.083
  185        3.5374      0.001       0.084
  186        3.5374      0.001       0.085
  187        3.5374      0.000       0.085
  188        3.5374      0.001       0.086
  189        3.5374      0.001       0.087
  190        3.5374      0.001       0.088
  191        3.5374      0.001       0.090
  192        3.5374      0.001       0.091
  193        3.5374      0.001       0.092
  194        3.5374      0.001       0.093
  195        3.5374      0.001       0.094
  196        3.5374      0.001       0.095
  197        3.5374      0.001       0.096
  198        3.5374      0.001       0.097
  199        3.5374      0.001       0.098
  200        3.5374      0.001       0.099
  201        3.5374      0.000       0.099
  202        3.5374      0.001       0.100
  203        3.5374      0.001       0.100
  204        3.5374      0.001       0.101
  205        3.5374      0.001       0.101
  206        3.5374      0.000       0.102
  207        3.5374      0.000       0.102
  208        3.5374      0.001       0.103
  209        3.5374      0.000       0.103
  210        3.5374      0.000       0.103
  211        3.5374      0.000       0.104
  212        3.5374      0.000       0.104
  213        3.5374      0.000       0.104
  214        3.5374      0.000       0.104
  215        3.5374      0.000       0.105
  216        3.5374      0.000       0.105
  217        3.5374      0.000       0.105
  218        3.5374      0.000       0.105
  219        3.5374      0.000       0.105
  220        3.5374      0.000       0.106
  221        3.5374      0.000       0.106
  222        3.5374      0.000       0.106
  223        3.5374      0.000       0.106
  224        3.5374      0.000       0.106
  225        3.5374      0.000       0.106
  226        3.5374      0.000       0.107
  227        3.5374      0.000       0.107
  228        3.5374      0.000       0.107
  229        3.5374      0.000       0.107
  230        3.5374      0.000       0.107
  231        3.5374      0.000       0.107
  232        3.5374      0.000       0.108
  233        3.5374      0.000       0.108
  234        3.5374      0.000       0.108
  235        3.5374      0.000       0.108
  236        3.5374      0.000       0.108
  237        3.5374      0.000       0.108
  238        3.5374      0.000       0.109
  239        3.5374      0.000       0.109
  240        3.5374      0.000       0.109
  241        3.5374      0.000       0.109
  242        3.5374      0.000       0.109
  243        3.5374      0.000       0.110
  244        3.5374      0.000       0.110
  245        3.5374      0.000       0.110
  246        3.5374      0.000       0.110
  247        3.5374      0.000       0.110
  248        3.5374      0.000       0.111
  249        3.5374      0.000       0.111
  250        3.5374      0.000       0.111
  251        3.5374      0.000       0.111
  252        3.5374      0.000       0.111
  253        3.5374      0.000       0.111
  254        3.5374      0.000       0.112
  255        3.5374      0.000       0.112
  256        3.5374      0.000       0.112
  257        3.5374      0.000       0.112
  258        3.5374      0.001       0.113
  259        3.5374      0.001       0.114
  260        3.5374      0.001       0.115
  261        3.5374      0.001       0.116
  262        3.5374      0.001       0.117
  263        3.5374      0.001       0.118
  264        3.5374      0.001       0.119
  265        3.5374      0.001       0.120
  266        3.5374      0.001       0.121
  267        3.5374      0.001       0.122
  268        3.5374      0.001       0.123
  269        3.5374      0.001       0.124
  270        3.5374      0.001       0.125
  271        3.5374      0.001       0.126
  272        3.5374      0.001       0.126
  273        3.5374      0.001       0.127
  274        3.5374      0.001       0.128
  275        3.5374      0.001       0.128
  276        3.5374      0.001       0.129
  277        3.5374      0.001       0.130
  278        3.5374      0.001       0.131
  279        3.5374      0.000       0.131
  280        3.5374      0.001       0.132
  281        3.5374      0.001       0.132
  282        3.5374      0.000       0.133
  283        3.5374      0.000       0.133
  284        3.5374      0.000       0.134
  285        3.5374      0.000       0.134
  286        3.5374      0.000       0.135
  287        3.5374      0.000       0.135
  288        3.5374      0.000       0.135
  289        3.5374      0.000       0.135
  290        3.5374      0.000       0.136
  291        3.5374      0.000       0.136
  292        3.5374      0.000       0.136
  293        3.5374      0.000       0.136
  294        3.5374      0.000       0.136
  295        3.5374      0.000       0.136
  296        3.5374      0.000       0.137
  297        3.5374      0.000       0.137
  298        3.5374      0.000       0.137
  299        3.5374      0.000       0.137
  300        3.5374      0.000       0.137
# ---- resumen ----
n=20 particulas=200 iters=300 tour_valido=SI L_mejor=3.53736 (verificado 3.53736)
optimo_exacto(Held-Karp)=3.53736  gap=0.000%
tiempo: preparacion=0.000 s  PSO=0.137 s  total=0.138 s  (0.0005 s/iter)
memoria: pico RSS=4.5 MB
CSV,20,200,300,3.537360,0.000,0.137,4.5
