# n=20 particulas=200 iters=300 w=0.70 c1=1.50 c2=1.50 hilos=12 semilla=4
# preparacion: 0.000 s | L_inicial=8.6564
# iter  mejor_global  t_iter(s)  t_total(s)
    1        7.6169      0.002       0.002
    2        7.6169      0.000       0.003
    3        7.5405      0.000       0.003
    4        7.5405      0.000       0.003
    5        7.5405      0.000       0.003
    6        7.5405      0.000       0.004
    7        6.4912      0.000       0.004
    8        6.4912      0.000       0.004
    9        6.4912      0.000       0.004
   10        6.4912      0.000       0.004
   11        6.4912      0.000       0.005
   12        6.4201      0.000       0.005
   13        6.4201      0.000       0.005
   14        6.4201      0.001       0.006
   15        6.4201      0.001       0.007
   16        6.3566      0.001       0.008
   17        6.3566      0.001       0.009
   18        6.2002      0.001       0.010
   19        6.2002      0.001       0.011
   20        6.2002      0.001       0.012
   21        6.1681      0.001       0.013
   22        6.1616      0.001       0.013
   23        6.1616      0.001       0.014
   24        6.1616      0.001       0.015
   25        6.1616      0.001       0.016
   26        6.1616      0.001       0.017
   27        6.1616      0.001       0.018
   28        6.1616      0.000       0.018
   29        6.1040      0.000       0.018
   30        5.9284      0.000       0.019
   31        5.9284      0.000       0.019
   32        5.9284      0.000       0.019
   33        5.9284      0.000       0.019
   34        5.9284      0.000       0.019
   35        5.8541      0.000       0.019
   36        5.8541      0.000       0.020
   37        5.8541      0.000       0.020
   38        5.8541      0.000       0.020
   39        5.8541      0.000       0.020
   40        5.8541      0.000       0.020
   41        5.8541      0.000       0.021
   42        5.8541      0.000       0.021
   43        5.8541      0.000       0.021
   44        5.7782      0.000       0.021
   45        5.5025      0.000       0.021
   46        5.4949      0.000       0.021
   47        5.4890      0.000       0.022
   48        5.4342      0.000       0.022
   49        5.2432      0.000       0.022
   50        5.1976      0.000       0.022
   51        5.1976      0.000       0.022
   52        5.1976      0.000       0.023
   53        5.1976      0.000       0.023
   54        5.1976      0.000       0.023
   55        5.1976      0.000       0.023
   56        5.1976      0.000       0.023
   57        5.1742      0.000       0.024
   58        5.1382      0.000       0.024
   59        5.1160      0.000       0.024
   60        5.0926      0.000       0.024
   61        5.0926      0.000       0.024
   62        5.0926      0.000       0.025
   63        5.0926      0.000       0.025
   64        5.0926      0.000       0.025
   65        5.0926      0.000       0.026
   66        5.0926      0.000       0.026
   67        5.0926      0.000       0.026
   68        5.0926      0.000       0.026
   69        5.0926      0.000       0.026
   70        5.0926      0.000       0.026
   71        5.0926      0.000       0.027
   72        5.0926      0.000       0.027
   73        5.0926      0.000       0.027
   74        5.0926      0.000       0.027
   75        5.0926      0.000       0.027
   76        5.0926      0.000       0.028
   77        5.0926      0.000       0.028
   78        5.0926      0.000       0.028
   79        5.0926      0.000       0.028
   80        5.0926      0.000       0.028
   81        5.0926      0.000       0.028
   82        5.0926      0.000       0.029
   83        5.0926      0.000       0.029
   84        5.0926      0.000       0.029
   85        5.0432      0.000       0.029
   86        5.0432      0.000       0.029
   87        5.0432      0.000       0.029
   88        5.0432      0.000       0.030
   89        5.0432      0.000       0.030
   90        5.0432      0.000       0.030
   91        5.0432      0.000       0.030
   92        5.0432      0.000       0.030
   93        5.0432      0.000       0.030
   94        5.0432      0.000       0.031
   95        5.0432      0.000       0.031
   96        5.0432      0.000       0.031
   97        5.0432      0.000       0.031
   98        5.0432      0.000       0.031
   99        5.0432      0.000       0.032
  100        5.0432      0.000       0.032
  101        5.0432      0.000       0.032
  102        5.0432      0.000       0.032
  103        5.0432      0.000       0.032
  104        5.0432      0.000       0.032
  105        5.0432      0.000       0.033
  106        5.0432      0.000       0.033
  107        5.0432      0.000       0.033
  108        5.0308      0.000       0.033
  109        5.0308      0.000       0.033
  110        5.0308      0.000       0.034
  111        5.0308      0.000       0.034
  112        5.0308      0.000       0.034
  113        5.0308      0.000       0.034
  114        5.0308      0.000       0.034
  115        5.0308      0.000       0.034
  116        5.0308      0.000       0.035
  117        5.0308      0.000       0.035
  118        5.0308      0.000       0.035
  119        5.0308      0.000       0.035
  120        5.0308      0.000       0.035
  121        5.0308      0.000       0.035
  122        5.0308      0.000       0.036
  123        5.0308      0.000       0.036
  124        5.0308      0.000       0.036
  125        5.0308      0.000       0.036
  126        5.0308      0.000       0.036
  127        5.0308      0.000       0.037
  128        5.0308      0.000       0.037
  129        5.0308      0.001       0.037
  130        5.0308      0.001       0.038
  131        5.0308      0.001       0.039
  132        5.0308      0.001       0.040
  133        5.0308      0.001       0.041
  134        5.0308      0.001       0.042
  135        5.0308      0.001       0.043
  136        5.0308      0.001       0.044
  137        5.0308      0.001       0.045
  138        5.0308      0.001       0.046
  139        5.0308      0.001       0.047
  140        5.0308      0.001       0.048
  141        5.0308      0.001       0.049
  142        5.0308      0.001       0.050
  143        5.0308      0.000       0.050
  144        5.0308      0.001       0.051
  145        5.0308      0.001       0.052
  146        5.0308      0.001       0.053
  147        5.0308      0.001       0.054
  148        5.0308      0.001       0.055
  149        5.0308      0.001       0.056
  150        5.0308      0.001       0.057
  151        5.0308      0.001       0.058
  152        5.0308      0.001       0.059
  153        5.0308      0.001       0.060
  154        5.0308      0.001       0.061
  155        5.0308      0.001       0.062
  156        5.0308      0.001       0.063
  157        5.0308      0.001       0.064
  158        5.0308      0.001       0.064
  159        5.0308      0.001       0.065
  160        5.0308      0.001       0.066
  161        5.0308      0.000       0.066
  162        5.0308      0.000       0.067
  163        5.0308      0.000       0.067
  164        5.0308      0.000       0.068
  165        5.0308      0.000       0.068
  166        5.0308      0.000       0.069
  167        5.0308      0.000       0.069
  168        5.0308      0.000       0.070
  169        5.0308      0.001       0.070
  170        5.0308      0.000       0.071
  171        5.0308      0.000       0.071
  172        5.0308      0.000       0.071
  173        5.0308      0.000       0.072
  174        5.0308      0.000       0.072
  175        5.0308      0.000       0.073
  176        5.0308      0.000       0.073
  177        5.0308      0.000       0.073
  178        5.0308      0.000       0.074
  179        5.0308      0.000       0.074
  180        5.0308      0.000       0.074
  181        5.0308      0.000       0.074
  182        5.0308      0.000       0.075
  183        5.0308      0.000       0.075
  184        5.0308      0.000       0.075
  185        5.0308      0.000       0.075
  186        5.0308      0.000       0.075
  187        5.0308      0.000       0.076
  188        5.0308      0.000       0.076
  189        5.0308      0.000       0.076
  190        5.0308      0.000       0.076
  191        5.0308      0.000       0.076
  192        5.0308      0.000       0.077
  193        5.0308      0.000       0.077
  194        5.0308      0.000       0.077
  195        5.0308      0.000       0.077
  196        5.0308      0.000       0.077
  197        5.0308      0.000       0.077
  198        5.0308      0.000       0.078
  199        5.0308      0.000       0.078
  200        5.0308      0.000       0.078
  201        5.0308      0.000       0.078
  202        5.0308      0.000       0.078
  203        5.0308      0.000       0.079
  204        5.0308      0.000       0.079
  205        5.0308      0.000       0.079
  206        5.0308      0.001       0.079
  207        5.0308      0.001       0.080
  208        5.0308      0.001       0.081
  209        5.0308      0.001       0.082
  210        5.0308      0.001       0.083
  211        5.0308      0.001       0.084
  212        5.0308      0.001       0.085
  213        5.0308      0.001       0.086
  214        5.0308      0.001       0.086
  215        5.0308      0.001       0.087
  216        5.0308      0.001       0.088
  217        5.0308      0.001       0.089
  218        5.0308      0.001       0.090
  219        5.0308      0.001       0.091
  220        5.0308      0.001       0.091
  221        5.0308      0.000       0.092
  222        5.0308      0.000       0.092
  223        5.0308      0.000       0.092
  224        5.0308      0.000       0.092
  225        5.0308      0.000       0.093
  226        5.0308      0.000       0.093
  227        5.0308      0.000       0.093
  228        5.0308      0.000       0.093
  229        5.0308      0.000       0.093
  230        5.0308      0.000       0.093
  231        5.0308      0.000       0.094
  232        5.0308      0.000       0.094
  233        5.0308      0.000       0.094
  234        5.0308      0.000       0.094
  235        5.0308      0.000       0.094
  236        5.0308      0.000       0.095
  237        5.0308      0.000       0.095
  238        5.0308      0.000       0.095
  239        5.0308      0.000       0.095
  240        5.0308      0.000       0.095
  241        5.0308      0.000       0.095
  242        5.0308      0.000       0.096
  243        5.0308      0.001       0.096
  244        5.0308      0.001       0.097
  245        5.0308      0.001       0.098
  246        5.0308      0.001       0.099
  247        5.0308      0.001       0.100
  248        5.0308      0.001       0.101
  249        5.0308      0.001       0.102
  250        5.0308      0.001       0.102
  251        5.0308      0.001       0.103
  252        5.0308      0.001       0.105
  253        5.0308      0.001       0.105
  254        5.0308      0.001       0.106
  255        5.0308      0.001       0.108
  256        5.0308      0.001       0.109
  257        5.0308      0.001       0.109
  258        5.0308      0.001       0.110
  259        5.0308      0.001       0.111
  260        5.0308      0.001       0.112
  261        5.0308      0.000       0.112
  262        5.0308      0.000       0.113
  263        5.0308      0.000       0.113
  264        5.0308      0.000       0.114
  265        5.0308      0.000       0.114
  266        5.0308      0.000       0.115
  267        5.0308      0.000       0.115
  268        5.0308      0.000       0.116
  269        5.0308      0.000       0.116
  270        5.0308      0.000       0.117
  271        5.0308      0.000       0.117
  272        5.0308      0.000       0.117
  273        5.0308      0.000       0.118
  274        5.0308      0.000       0.118
  275        5.0308      0.000       0.118
  276        5.0308      0.000       0.119
  277        5.0308      0.000       0.119
  278        5.0308      0.000       0.119
  279        5.0308      0.000       0.119
  280        5.0308      0.000       0.119
  281        5.0308      0.000       0.120
  282        5.0308      0.000       0.120
  283        5.0308      0.000       0.120
  284        5.0308      0.000       0.120
  285        5.0308      0.000       0.120
  286        5.0308      0.000       0.121
  287        5.0308      0.000       0.121
  288        5.0308      0.000       0.121
  289        5.0308      0.000       0.121
  290        5.0308      0.000       0.121
  291        5.0308      0.000       0.121
  292        5.0308      0.000       0.122
  293        5.0308      0.000       0.122
  294        5.0308      0.000       0.122
  295        5.0308      0.000       0.122
  296        5.0308      0.000       0.123
  297        5.0308      0.001       0.123
  298        5.0308      0.001       0.124
  299        5.0308      0.001       0.125
  300        5.0308      0.001       0.126
# ---- resumen ----
n=20 particulas=200 iters=300 tour_valido=SI L_mejor=5.03082 (verificado 5.03082)
optimo_exacto(Held-Karp)=4.07461  gap=23.468%
tiempo: preparacion=0.000 s  PSO=0.126 s  total=0.127 s  (0.0004 s/iter)
memoria: pico RSS=4.5 MB
CSV,20,200,300,5.030824,0.000,0.126,4.5
