# n=2000 particulas=200 iters=500 w=0.70 c1=1.50 c2=1.50 hilos=12 semilla=1
# preparacion: 0.000 s | L_inicial=1014.3856
# iter  mejor_global  t_iter(s)  t_total(s)
    1     1014.3856      0.004       0.004
    2     1014.3856      0.010       0.014
    3     1014.3856      0.008       0.023
    4     1013.4804      0.005       0.028
    5     1013.4804      0.004       0.033
    6     1013.4804      0.004       0.037
    7     1013.4804      0.003       0.040
    8     1013.4804      0.003       0.043
    9     1013.4804      0.003       0.046
   10     1010.9427      0.003       0.049
   11     1010.9427      0.010       0.059
   12     1010.9427      0.009       0.068
   13     1010.9427      0.006       0.074
   14     1010.9427      0.004       0.085
   15     1010.9427      0.003       0.088
   16     1010.9427      0.003       0.092
   17     1010.9427      0.003       0.095
   18     1010.9427      0.012       0.107
   19     1010.9427      0.009       0.115
   20     1010.9427      0.006       0.121
   21     1010.9427      0.004       0.125
   22     1010.9427      0.004       0.129
   23     1010.9427      0.004       0.133
   24     1010.9427      0.003       0.137
   25     1010.9427      0.003       0.140
   26     1010.9427      0.003       0.143
   27     1010.9427      0.003       0.147
   28     1010.9427      0.012       0.159
   29     1010.9427      0.007       0.166
   30     1010.9427      0.005       0.171
   31     1010.9427      0.005       0.176
   32     1010.9427      0.004       0.180
   33     1010.9427      0.004       0.183
   34     1010.9427      0.003       0.187
   35     1010.3308      0.003       0.190
   36     1010.3308      0.003       0.193
   37     1010.3308      0.003       0.196
   38     1010.3308      0.003       0.199
   39     1010.3308      0.003       0.202
   40     1007.9371      0.010       0.212
   41     1007.9371      0.008       0.220
   42     1007.9371      0.006       0.225
   43     1007.9371      0.005       0.230
   44     1007.9371      0.004       0.234
   45     1007.9371      0.004       0.238
   46     1007.9371      0.003       0.242
   47     1007.9371      0.003       0.245
   48     1007.9371      0.003       0.248
   49     1007.9371      0.003       0.251
   50     1007.9371      0.003       0.254
   51     1007.9371      0.003       0.256
   52     1007.9371      0.006       0.262
   53     1007.9371      0.011       0.273
   54     1007.9371      0.006       0.279
   55     1004.0606      0.005       0.284
   56     1004.0606      0.005       0.289
   57     1004.0606      0.004       0.293
   58     1004.0606      0.003       0.297
   59     1004.0606      0.004       0.300
   60     1004.0606      0.003       0.303
   61     1004.0606      0.003       0.306
   62     1004.0606      0.003       0.309
   63     1004.0606      0.003       0.312
   64     1004.0606      0.004       0.316
   65     1004.0606      0.012       0.327
   66     1004.0606      0.006       0.334
   67     1004.0606      0.005       0.339
   68     1004.0606      0.005       0.343
   69     1004.0606      0.004       0.347
   70     1004.0606      0.004       0.351
   71     1004.0606      0.003       0.355
   72     1004.0606      0.003       0.358
   73     1004.0606      0.003       0.361
   74     1004.0606      0.003       0.364
   75     1004.0606      0.003       0.367
   76     1004.0606      0.003       0.369
   77     1004.0606      0.009       0.378
   78     1004.0606      0.009       0.387
   79     1004.0606      0.006       0.393
   80     1004.0606      0.005       0.398
   81     1004.0606      0.004       0.402
   82     1004.0606      0.004       0.406
   83     1004.0606      0.003       0.409
   84     1004.0606      0.003       0.413
   85     1004.0606      0.003       0.416
   86     1004.0606      0.003       0.419
   87     1004.0606      0.003       0.421
   88     1004.0606      0.003       0.424
   89     1004.0606      0.005       0.430
   90     1004.0606      0.011       0.441
   91     1004.0606      0.007       0.447
   92     1004.0606      0.005       0.452
   93     1004.0606      0.004       0.457
   94     1004.0606      0.004       0.461
   95     1004.0606      0.004       0.464
   96     1004.0606      0.003       0.468
   97     1004.0606      0.003       0.471
   98     1004.0606      0.003       0.474
   99     1004.0606      0.003       0.477
  100     1004.0606      0.003       0.480
  101     1004.0606      0.003       0.482
  102     1004.0606      0.012       0.494
  103     1004.0606      0.007       0.501
  104     1004.0606      0.005       0.506
  105     1004.0606      0.005       0.511
  106     1004.0606      0.004       0.515
  107     1004.0606      0.004       0.519
  108     1004.0606      0.003       0.522
  109     1004.0606      0.003       0.526
  110     1004.0606      0.003       0.529
  111     1004.0606      0.003       0.532
  112     1004.0606      0.003       0.534
  113     1004.0606      0.003       0.537
  114     1004.0606      0.008       0.545
  115     1004.0606      0.009       0.554
  116     1004.0606      0.006       0.560
  117     1004.0606      0.005       0.565
  118     1004.0606      0.004       0.569
  119     1004.0606      0.004       0.574
  120     1004.0606      0.004       0.577
  121     1004.0606      0.003       0.581
  122     1004.0606      0.003       0.584
  123     1002.9480      0.003       0.587
  124     1002.9480      0.003       0.589
  125     1002.9480      0.003       0.592
  126     1002.9480      0.004       0.597
  127     1002.9480      0.012       0.608
  128     1001.8822      0.006       0.615
  129     1001.8822      0.005       0.620
  130     1001.8822      0.005       0.625
  131     1001.8822      0.004       0.629
  132     1001.8822      0.004       0.633
  133     1001.8822      0.003       0.636
  134     1001.8822      0.003       0.639
  135     1001.8822      0.003       0.642
  136     1001.8822      0.003       0.645
  137     1001.8822      0.003       0.648
  138     1001.8822      0.004       0.652
  139     1001.8822      0.011       0.664
  140     1001.8822      0.006       0.670
  141     1001.8822      0.005       0.675
  142     1001.8822      0.005       0.680
  143     1001.8822      0.004       0.684
  144     1001.8822      0.004       0.688
  145     1001.8822      0.003       0.691
  146     1000.8364      0.003       0.694
  147     1000.8364      0.003       0.697
  148     1000.8364      0.003       0.700
  149     1000.8364      0.003       0.703
  150     1000.8364      0.003       0.706
  151     1000.8364      0.010       0.716
  152     1000.8364      0.008       0.724
  153     1000.8364      0.006       0.729
  154      999.4638      0.005       0.734
  155      999.4638      0.004       0.739
  156      999.4638      0.004       0.742
  157      999.4638      0.003       0.746
  158      999.4638      0.004       0.750
  159      999.4638      0.003       0.753
  160      999.4638      0.003       0.756
  161      999.4638      0.003       0.758
  162      999.1563      0.003       0.761
  163      997.4738      0.008       0.769
  164      997.4738      0.009       0.778
  165      997.4738      0.006       0.784
  166      997.4738      0.005       0.789
  167      997.4738      0.004       0.793
  168      997.4738      0.004       0.797
  169      997.4738      0.003       0.801
  170      997.4738      0.003       0.804
  171      997.4738      0.003       0.807
  172      997.4738      0.003       0.810
  173      997.4738      0.003       0.813
  174      997.4738      0.003       0.816
  175      997.4738      0.005       0.821
  176      997.4738      0.012       0.833
  177      997.4738      0.007       0.839
  178      997.4738      0.005       0.844
  179      997.4738      0.004       0.849
  180      997.4738      0.004       0.853
  181      997.4738      0.003       0.856
  182      997.4738      0.003       0.860
  183      997.4738      0.003       0.863
  184      997.4738      0.003       0.866
  185      997.4738      0.003       0.869
  186      997.4738      0.003       0.872
  187      997.4738      0.003       0.875
  188      997.4738      0.012       0.887
  189      997.4738      0.007       0.893
  190      997.4738      0.005       0.899
  191      997.4738      0.005       0.903
  192      997.4738      0.004       0.907
  193      997.4738      0.004       0.911
  194      997.4738      0.003       0.915
  195      997.4738      0.003       0.918
  196      997.4738      0.003       0.921
  197      997.4738      0.003       0.924
  198      997.4738      0.003       0.927
  199      997.4738      0.003       0.929
  200      997.4738      0.010       0.939
  201      997.4738      0.008       0.947
  202      997.4738      0.006       0.953
  203      997.4738      0.005       0.958
  204      997.4738      0.004       0.962
  205      997.4738      0.004       0.966
  206      997.4738      0.003       0.969
  207      997.4738      0.004       0.973
  208      997.4738      0.003       0.976
  209      997.4738      0.003       0.979
  210      997.4738      0.003       0.982
  211      997.4738      0.003       0.985
  212      997.4738      0.008       0.993
  213      997.4738      0.010       1.003
  214      997.4738      0.006       1.009
  215      997.4738      0.005       1.014
  216      997.4738      0.004       1.018
  217      997.4738      0.004       1.022
  218      997.4738      0.003       1.026
  219      997.4738      0.003       1.029
  220      997.4738      0.003       1.032
  221      997.4738      0.003       1.035
  222      997.4738      0.003       1.038
  223      997.4738      0.003       1.041
  224      997.4738      0.008       1.048
  225      997.4738      0.009       1.058
  226      997.4738      0.006       1.064
  227      997.4738      0.005       1.069
  228      997.4738      0.004       1.073
  229      997.4738      0.004       1.077
  230      997.4738      0.003       1.081
  231      997.4738      0.003       1.084
  232      997.4738      0.003       1.087
  233      997.4738      0.003       1.090
  234      997.4738      0.003       1.093
  235      997.4738      0.003       1.096
  236      997.4738      0.004       1.100
  237      997.4738      0.013       1.113
  238      997.4738      0.008       1.121
  239      997.4738      0.006       1.127
  240      997.4738      0.005       1.132
  241      997.4738      0.004       1.136
  242      997.4738      0.004       1.140
  243      997.4738      0.003       1.143
  244      997.4738      0.003       1.147
  245      996.3783      0.003       1.150
  246      996.3783      0.003       1.153
  247      994.6563      0.003       1.156
  248      994.6563      0.003       1.159
  249      994.6563      0.003       1.161
  250      994.6563      0.012       1.173
  251      993.4084      0.006       1.180
  252      993.4084      0.005       1.185
  253      993.4084      0.005       1.190
  254      993.4084      0.004       1.194
  255      993.4084      0.004       1.198
  256      993.4084      0.003       1.201
  257      993.4084      0.003       1.205
  258      993.4084      0.003       1.208
  259      993.4084      0.003       1.211
  260      993.4084      0.003       1.213
  261      993.4084      0.003       1.216
  262      993.4084      0.009       1.225
  263      993.3599      0.009       1.234
  264      993.3599      0.006       1.240
  265      993.3599      0.005       1.244
  266      992.5628      0.004       1.249
  267      992.5628      0.004       1.253
  268      992.5628      0.003       1.256
  269      992.5628      0.003       1.260
  270      992.5628      0.003       1.263
  271      992.5628      0.003       1.266
  272      992.5628      0.003       1.268
  273      992.5628      0.003       1.271
  274      992.5628      0.005       1.277
  275      992.5628      0.011       1.287
  276      992.5628      0.006       1.294
  277      992.5628      0.005       1.299
  278      992.5628      0.004       1.303
  279      992.5628      0.004       1.307
  280      992.5628      0.004       1.311
  281      992.5628      0.003       1.314
  282      992.5628      0.003       1.318
  283      992.5628      0.003       1.321
  284      992.5628      0.003       1.323
  285      992.5628      0.003       1.326
  286      992.5628      0.003       1.329
  287      992.5628      0.011       1.340
  288      992.5628      0.007       1.347
  289      992.5628      0.005       1.353
  290      992.5628      0.005       1.358
  291      992.5628      0.004       1.362
  292      992.5628      0.004       1.366
  293      992.5628      0.003       1.369
  294      992.5628      0.003       1.372
  295      992.5628      0.003       1.375
  296      992.5628      0.003       1.379
  297      992.5628      0.003       1.381
  298      992.5628      0.003       1.384
  299      992.5628      0.009       1.393
  300      992.5628      0.009       1.401
  301      992.5628      0.006       1.407
  302      992.5628      0.005       1.412
  303      992.5628      0.004       1.416
  304      992.5628      0.004       1.420
  305      992.5628      0.004       1.424
  306      992.5628      0.004       1.428
  307      992.5628      0.003       1.431
  308      992.5628      0.003       1.434
  309      992.5628      0.003       1.437
  310      992.5628      0.003       1.439
  311      992.5628      0.006       1.445
  312      992.5628      0.011       1.456
  313      992.5628      0.006       1.462
  314      992.5628      0.005       1.467
  315      992.5628      0.004       1.471
  316      992.5628      0.004       1.476
  317      992.5628      0.003       1.479
  318      992.5628      0.003       1.483
  319      992.5628      0.003       1.486
  320      992.5628      0.003       1.489
  321      992.5628      0.003       1.492
  322      992.5628      0.003       1.494
  323      992.5628      0.003       1.497
  324      992.5628      0.012       1.509
  325      992.5628      0.008       1.517
  326      992.5628      0.005       1.522
  327      992.5628      0.005       1.527
  328      992.5628      0.004       1.531
  329      992.5628      0.004       1.535
  330      992.5628      0.003       1.538
  331      992.5628      0.003       1.541
  332      992.5628      0.003       1.544
  333      992.5628      0.003       1.547
  334      992.5628      0.003       1.550
  335      992.5628      0.003       1.553
  336      992.5628      0.010       1.562
  337      992.5628      0.008       1.571
  338      992.5628      0.006       1.577
  339      992.5628      0.005       1.582
  340      992.5628      0.004       1.586
  341      992.5628      0.004       1.590
  342      992.5628      0.004       1.594
  343      992.5628      0.003       1.597
  344      992.5628      0.003       1.600
  345      992.5628      0.003       1.603
  346      992.5628      0.003       1.606
  347      992.5628      0.003       1.608
  348      992.5628      0.010       1.618
  349      992.5628      0.009       1.627
  350      992.5628      0.006       1.633
  351      992.5628      0.005       1.637
  352      992.5628      0.004       1.641
  353      992.5628      0.004       1.645
  354      992.5628      0.003       1.649
  355      992.5628      0.003       1.652
  356      992.5628      0.003       1.655
  357      992.5628      0.003       1.658
  358      992.5628      0.003       1.661
  359      992.5628      0.003       1.664
  360      992.5628      0.007       1.671
  361      992.5628      0.010       1.681
  362      992.5628      0.006       1.687
  363      992.5628      0.005       1.692
  364      992.5628      0.005       1.696
  365      992.5628      0.005       1.701
  366      992.5628      0.004       1.705
  367      992.5628      0.003       1.708
  368      992.5628      0.003       1.711
  369      992.5628      0.003       1.714
  370      992.5628      0.003       1.717
  371      992.5628      0.003       1.720
  372      992.5628      0.008       1.727
  373      992.5628      0.011       1.738
  374      992.5628      0.006       1.744
  375      992.5628      0.005       1.749
  376      992.5628      0.004       1.753
  377      992.5628      0.004       1.757
  378      992.5628      0.003       1.761
  379      992.5628      0.004       1.764
  380      992.5628      0.003       1.768
  381      992.5628      0.003       1.771
  382      992.5628      0.003       1.773
  383      992.5628      0.003       1.776
  384      992.5628      0.008       1.784
  385      992.5628      0.010       1.794
  386      992.5628      0.006       1.799
  387      992.5628      0.005       1.805
  388      992.5628      0.004       1.809
  389      992.5628      0.004       1.813
  390      992.5628      0.003       1.816
  391      992.5628      0.003       1.820
  392      992.5628      0.003       1.823
  393      992.5628      0.003       1.826
  394      992.5628      0.003       1.829
  395      992.5628      0.003       1.831
  396      992.5628      0.008       1.840
  397      992.5628      0.010       1.849
  398      992.5628      0.006       1.855
  399      992.5628      0.005       1.860
  400      992.5628      0.004       1.864
  401      992.5628      0.004       1.868
  402      992.5628      0.003       1.872
  403      992.5628      0.003       1.875
  404      992.5628      0.003       1.878
  405      992.5628      0.003       1.881
  406      992.5628      0.003       1.884
  407      992.5628      0.003       1.887
  408      992.5628      0.004       1.891
  409      992.5628      0.012       1.903
  410      992.5628      0.006       1.909
  411      992.5628      0.005       1.914
  412      992.5628      0.005       1.919
  413      992.5628      0.004       1.923
  414      992.5628      0.004       1.927
  415      992.5628      0.004       1.931
  416      992.5628      0.003       1.934
  417      992.5628      0.003       1.937
  418      992.5628      0.003       1.940
  419      992.5628      0.003       1.943
  420      992.5628      0.004       1.946
  421      992.5628      0.013       1.959
  422      992.5628      0.006       1.965
  423      992.5628      0.005       1.970
  424      992.5628      0.004       1.975
  425      992.5628      0.004       1.979
  426      992.5628      0.004       1.983
  427      992.5628      0.003       1.986
  428      992.5628      0.003       1.989
  429      992.5628      0.003       1.993
  430      992.5628      0.003       1.995
  431      992.5628      0.003       1.998
  432      992.5628      0.003       2.001
  433      992.5628      0.011       2.011
  434      992.5628      0.007       2.019
  435      992.5628      0.006       2.025
  436      992.5628      0.005       2.029
  437      992.5628      0.004       2.034
  438      992.5628      0.004       2.038
  439      992.5628      0.003       2.041
  440      992.5628      0.003       2.044
  441      992.5628      0.003       2.048
  442      992.5628      0.003       2.050
  443      992.5628      0.003       2.053
  444      992.5628      0.003       2.056
  445      992.5628      0.008       2.064
  446      992.5628      0.009       2.073
  447      992.5628      0.006       2.079
  448      992.5628      0.005       2.084
  449      992.5628      0.004       2.089
  450      992.5628      0.004       2.093
  451      992.5628      0.003       2.096
  452      992.5628      0.003       2.100
  453      992.5628      0.003       2.103
  454      992.5628      0.003       2.106
  455      992.5628      0.003       2.108
  456      992.5628      0.003       2.111
  457      992.5628      0.004       2.115
  458      992.5628      0.011       2.127
  459      992.5628      0.006       2.133
  460      992.5628      0.005       2.138
  461      992.5628      0.005       2.143
  462      992.5628      0.004       2.147
  463      992.5628      0.004       2.151
  464      992.5628      0.003       2.154
  465      992.5628      0.003       2.157
  466      992.5628      0.003       2.160
  467      992.5628      0.003       2.163
  468      992.5628      0.003       2.166
  469      992.5628      0.003       2.169
  470      992.5628      0.010       2.179
  471      992.5628      0.008       2.187
  472      992.5628      0.005       2.193
  473      992.5628      0.005       2.197
  474      992.5628      0.004       2.201
  475      992.5628      0.004       2.205
  476      992.5628      0.003       2.209
  477      992.5628      0.003       2.212
  478      992.5628      0.003       2.215
  479      992.5628      0.003       2.218
  480      992.5628      0.003       2.221
  481      992.5628      0.003       2.224
  482      992.5628      0.007       2.231
  483      992.5628      0.010       2.241
  484      992.5628      0.006       2.247
  485      992.5628      0.005       2.252
  486      992.5628      0.004       2.256
  487      992.5628      0.004       2.260
  488      992.5628      0.003       2.264
  489      992.5628      0.003       2.267
  490      992.5628      0.003       2.270
  491      992.5628      0.003       2.273
  492      992.5628      0.003       2.276
  493      992.5628      0.003       2.279
  494      992.5628      0.003       2.282
  495      992.5628      0.012       2.294
  496      992.5628      0.006       2.301
  497      992.5628      0.005       2.306
  498      992.5628      0.005       2.311
  499      992.5628      0.004       2.315
  500      992.5628      0.004       2.319
# ---- resumen ----
n=2000 particulas=200 iters=500 tour_valido=SI L_mejor=992.56277 (verificado 992.56277)
tiempo: preparacion=0.000 s  PSO=2.319 s  total=2.359 s  (0.0046 s/iter)
memoria: pico RSS=9.3 MB
CSV,2000,200,500,992.562771,0.000,2.319,9.3
